1024
456 647
326 1021
227 972
50 673
265 723
506 906
116 240
3 175
223 872
356 657
117 282
366 842
215 456
406 541
673 870
118 234
268 874
627 931
36 712
229 387
339 657
110 712
504 515
72 894
906 912
21 265
389 688
546 756
411 579
65 562
83 416
342 561
180 551
398 648
436 669
313 927
663 874
418 1007
520 786
409 933
0 431
382 627
627 979
312 470
240 560
926 950
83 297
36 666
48 742
39 660
107 183
441 962
298 361
350 883
357 865
949 1009
768 796
95 874
288 409
176 196
207 446
108 581
415 444
319 568
584 912
330 669
154 586
604 637
292 775
766 880
288 1000
243 853
456 998
362 649
24 787
167 599
507 701
336 993
36 594
442 509
137 651
14 74
30 1014
294 564
943 1007
421 476
191 917
980 1020
455 589
766 906
316 919
130 724
822 835
31 268
554 555
65 649
100 969
280 327
846 934
114 685
119 924
398 848
485 710
484 837
190 577
383 790
801 894
646 912
357 597
249 471
259 486
495 870
433 677
206 707
539 692
74 301
263 639
36 884
797 895
550 882
152 415
101 424
17 224
315 859
148 993
262 534
115 563
357 657
97 1002
446 1013
498 562
205 716
536 850
694 803
517 770
156 662
709 883
262 670
223 574
244 936
813 1020
25 100
515 821
676 812
41 288
289 490
150 922
364 777
503 842
515 1003
202 563
29 369
85 736
799 901
48 100
318 599
890 934
395 991
21 797
412 606
875 967
430 528
687 789
744 820
77 427
281 571
416 622
404 992
423 916
60 235
128 957
260 668
168 783
124 387
104 564
112 852
115 375
444 605
587 924
892 913
162 421
154 846
251 447
279 348
29 111
534 749
364 669
620 661
105 360
209 452
755 986
531 927
346 561
157 289
515 759
74 538
611 800
484 841
325 377
364 577
221 974
373 393
628 913
744 878
178 702
182 498
188 363
150 339
702 897
174 463
191 322
23 466
331 736
750 837
27 945
39 775
823 896
791 1012
760 889
240 286
352 502
483 807
603 775
539 888
325 355
9 455
298 372
520 884
283 719
799 863
368 899
32 842
403 779
533 746
265 923
54 917
580 639
287 798
534 877
212 729
594 683
191 903
487 613
612 876
27 861
175 623
82 615
219 364
221 860
105 446
493 738
763 789
161 600
320 976
264 705
874 975
452 525
744 999
285 574
981 1016
355 570
59 284
709 840
164 951
508 868
264 746
158 610
346 957
872 991
452 907
151 867
46 593
264 714
780 882
670 692
176 328
273 385
167 410
98 283
277 486
437 628
699 994
421 693
404 719
520 592
6 197
684 762
393 828
283 353
166 191
65 81
315 948
688 888
282 306
18 402
32 635
622 968
49 74
263 905
732 820
451 504
101 641
500 727
419 656
347 499
164 642
116 956
282 307
905 968
177 655
209 767
500 772
454 902
915 992
323 649
272 985
141 886
341 433
238 466
47 870
269 562
776 924
408 934
580 636
212 760
443 448
350 623
872 965
753 939
592 844
215 315
369 747
442 873
220 599
101 306
639 951
883 893
83 762
234 630
687 970
373 778
425 760
249 688
35 448
520 544
219 713
194 686
697 919
61 755
586 643
80 123
274 934
910 994
312 804
58 232
754 898
345 615
22 136
279 567
722 798
454 699
242 617
285 414
304 837
470 731
579 924
153 740
8 794
831 938
191 313
576 1003
758 1002
23 417
943 981
798 928
334 967
18 682
493 910
698 955
74 699
361 879
481 823
160 621
228 793
373 604
594 942
778 848
448 770
131 142
780 985
160 730
196 729
214 493
209 925
12 440
899 984
120 836
253 455
283 381
169 311
320 776
471 486
524 553
193 790
99 831
160 265
264 632
518 700
385 760
14 183
240 319
137 945
455 666
779 928
226 604
105 410
379 948
541 567
260 961
611 739
538 785
425 445
130 867
2 485
174 274
398 424
402 702
695 873
43 355
8 324
950 1021
353 963
477 728
362 904
171 610
329 477
44 174
363 671
187 313
523 978
433 802
78 513
869 1005
59 142
643 674
4 17
437 924
47 663
800 921
235 641
116 324
326 537
493 797
389 393
738 818
129 985
126 704
57 784
3 851
433 933
31 527
735 794
425 552
38 956
66 335
89 232
75 827
133 874
511 580
158 189
813 977
611 959
410 677
50 798
170 222
716 772
707 938
178 994
771 1001
248 435
283 676
613 822
124 134
222 534
341 605
697 961
256 850
396 991
234 841
69 1014
448 806
620 747
196 351
55 409
234 800
200 417
518 803
117 970
436 1003
857 1013
825 863
341 989
559 726
24 969
4 362
364 483
377 886
534 643
407 856
68 892
500 606
410 687
690 786
13 62
463 1012
188 510
448 766
195 539
235 539
394 468
99 323
589 858
632 808
479 714
471 786
285 817
570 902
85 203
420 934
351 911
182 556
44 1022
316 565
935 938
549 1013
525 952
906 1003
31 762
118 205
420 804
154 484
635 867
513 910
132 982
193 319
474 981
399 1008
235 1017
58 258
535 812
191 199
367 467
167 595
114 804
412 1004
574 1003
80 884
818 876
807 992
339 931
170 220
472 1016
350 862
683 815
451 514
740 828
38 697
443 606
165 187
739 910
106 453
500 811
185 958
181 966
270 402
58 326
125 325
290 1004
72 571
358 716
735 859
260 818
9 676
208 642
704 909
113 269
837 904
519 577
70 165
609 899
201 763
298 542
82 344
483 923
201 830
114 507
708 804
14 365
95 926
93 870
84 818
279 381
179 760
257 653
285 353
745 833
371 801
689 733
261 440
423 732
119 614
221 374
484 512
227 720
186 449
194 543
751 822
832 1000
206 303
515 733
104 423
767 881
587 695
240 736
26 626
755 984
15 856
512 952
383 450
47 1009
45 395
448 636
131 324
9 650
409 925
25 258
533 883
540 585
334 822
682 853
498 906
523 950
693 1004
33 665
279 525
796 903
432 835
314 457
36 566
658 831
801 912
420 954
172 913
458 844
19 338
189 797
41 663
109 660
16 31
192 328
124 942
815 1017
52 844
727 779
271 927
609 814
743 789
20 277
29 51
531 740
414 499
367 590
55 189
610 619
141 210
494 943
319 447
551 772
895 913
978 996
128 811
643 932
177 785
413 958
638 1014
536 887
14 599
138 398
31 301
392 570
43 695
330 945
48 1021
999 1005
12 819
779 1015
390 591
62 367
609 731
295 978
180 290
537 578
182 985
43 469
132 674
891 907
553 928
145 433
20 917
263 927
538 795
10 555
306 913
440 474
386 697
304 965
589 885
844 984
141 831
128 504
71 795
21 854
249 711
452 605
322 366
566 748
691 819
437 724
410 536
136 764
148 422
507 1014
202 675
71 712
413 913
328 844
705 738
287 311
360 552
467 827
5 818
399 576
214 423
158 720
665 686
306 385
295 660
170 842
287 759
70 515
243 412
277 900
377 464
759 961
544 900
589 898
490 851
78 991
15 621
183 973
1 509
602 697
246 283
895 897
281 674
101 489
216 463
331 391
111 783
381 710
263 599
8 167
274 572
685 808
486 775
250 580
49 984
36 406
200 236
419 668
313 959
167 530
312 771
68 929
855 972
69 655
839 929
261 425
787 819
322 605
12 981
150 852
680 718
44 106
225 261
395 547
68 333
460 833
239 514
405 991
9 821
526 885
265 326
83 366
797 851
230 615
310 348
783 997
463 663
217 307
317 624
288 938
400 511
679 758
107 648
328 732
909 921
214 297
59 650
315 680
403 523
170 518
534 783
5 787
114 233
303 638
261 914
7 931
814 921
352 515
404 985
699 852
122 389
157 177
523 902
977 1001
16 66
453 605
412 909
542 861
233 597
693 890
172 852
528 910
195 718
90 853
778 810
241 792
566 723
556 628
302 435
122 928
142 519
27 988
128 477
60 760
52 736
132 818
714 725
457 641
264 836
19 880
471 761
292 856
20 521
51 641
929 965
205 604
575 734
414 927
789 867
548 641
416 808
73 464
1 507
86 750
204 397
147 502
378 919
198 943
354 676
548 680
700 838
38 834
200 964
653 842
408 901
703 713
331 984
134 492
393 990
625 880
230 766
198 277
293 432
108 880
296 443
310 476
399 868
815 991
338 490
392 1019
433 786
878 1014
336 812
646 917
341 541
714 788
525 658
268 1001
539 833
441 451
539 998
289 801
125 556
116 193
733 1011
154 976
316 709
373 788
575 595
398 980
298 662
16 442
5 361
172 690
477 652
203 311
334 955
285 933
206 222
635 969
208 729
285 909
187 722
67 169
590 838
535 646
408 547
15 186
402 494
56 700
905 997
299 785
258 941
113 1015
754 884
534 692
32 100
492 621
347 582
80 126
388 748
496 809
113 717
115 763
248 356
603 1005
77 307
525 730
675 753
530 574
738 989
188 759
338 632
452 908
95 429
55 872
146 280
148 220
416 842
578 900
116 838
66 1004
605 863
223 754
67 246
436 742
112 427
466 944
543 922
622 978
0 45
131 184
321 690
285 580
438 579
553 698
790 838
121 868
639 888
158 205
106 813
539 1022
826 873
84 103
132 373
587 650
325 622
248 898
792 820
21 860
657 848
578 996
78 643
198 304
203 911
543 668
242 793
349 776
382 709
698 840
595 625
414 749
734 963
178 798
144 486
723 985
282 505
445 599
286 1016
33 962
221 882
193 682
69 1023
151 748
581 963
6 615
658 677
835 975
88 752
205 271
331 564
391 607
273 393
24 386
462 795
450 861
365 566
154 352
552 826
504 712
171 400
20 1021
7 790
221 832
403 906
513 818
197 198
393 711
122 497
673 1023
19 641
120 473
463 939
234 272
224 642
280 728
427 858
144 868
693 899
723 783
836 931
1 220
40 373
123 954
317 956
59 243
791 1022
174 750
259 671
449 461
92 480
135 995
466 509
112 399
212 678
333 782
658 755
15 740
101 756
159 858
192 700
719 735
314 352
490 812
925 984
414 496
209 556
888 909
606 664
225 1011
176 955
4 26
145 153
58 474
260 755
778 958
270 534
409 768
634 830
208 307
253 417
106 683
42 309
703 893
281 641
95 765
90 877
455 1012
306 693
893 992
149 954
307 556
21 647
593 863
127 987
700 791
562 917
66 186
432 448
161 672
778 892
518 614
350 1020
600 854
973 1003
16 114
378 942
198 945
603 729
902 923
167 514
832 952
250 553
611 862
215 262
962 987
321 399
867 883
322 401
88 898
225 242
127 147
869 956
390 536
190 578
130 946
397 1016
133 349
597 865
41 888
671 922
844 967
89 599
59 755
532 926
715 991
508 556
909 912
126 407
383 767
324 618
521 882
487 604
624 645
169 1008
629 901
112 128
470 680
40 120
288 706
244 322
392 1008
543 673
561 704
511 952
585 884
155 701
56 268
646 836
638 928
81 174
501 791
59 352
607 822
2 234
376 874
534 965
471 801
824 928
84 326
91 96
38 915
282 913
614 881
88 427
680 702
287 876
386 412
83 306
452 502
244 937
377 966
588 741
0 33
503 853
75 607
162 587
279 402
503 926
61 351
742 901
230 642
94 439
188 751
410 491
807 890
651 712
368 583
548 799
686 822
19 60
652 712
168 806
718 942
73 178
705 988
113 501
837 925
342 585
757 936
130 672
535 630
521 969
336 821
694 721
32 362
299 497
183 775
288 1018
39 930
751 821
671 711
694 847
559 608
620 864
757 823
156 712
746 970
423 775
75 156
285 712
824 972
262 817
538 867
384 861
641 982
19 172
305 444
72 1004
126 129
155 363
611 965
344 918
250 573
197 929
655 883
557 560
428 435
618 626
535 659
461 633
293 874
740 1001
402 761
347 452
164 417
604 736
580 824
282 419
397 465
516 688
20 904
809 1009
107 252
697 890
265 520
271 622
230 695
144 582
445 588
95 127
283 410
209 742
838 955
10 639
902 918
775 877
9 1017
348 772
58 1002
601 987
445 981
588 675
444 713
250 456
810 872
74 831
148 444
209 495
633 1003
146 466
109 762
144 858
272 610
260 984
878 992
320 536
98 417
49 902
532 761
322 810
256 698
564 679
12 950
578 634
201 424
378 1016
660 919
157 357
130 915
246 747
361 787
370 904
238 250
306 990
347 1009
381 797
782 914
843 980
148 850
339 820
39 481
883 996
249 1021
509 606
342 811
898 985
35 601
550 886
381 754
145 888
290 345
830 991
164 798
750 896
223 681
813 947
559 901
583 624
377 768
101 723
351 1017
7 688
79 147
544 813
352 750
394 650
734 828
873 1022
136 298
687 805
400 529
587 933
652 907
173 806
938 957
397 997
180 979
142 219
374 535
120 396
708 761
185 667
37 869
29 145
110 492
104 119
310 590
468 558
329 828
87 272
554 647
388 569
657 880
156 801
201 862
405 504
167 282
165 229
142 443
164 846
806 886
181 678
136 702
586 661
117 341
209 850
395 693
314 661
50 876
107 787
628 966
381 742
106 744
81 154
455 981
612 960
762 882
242 490
367 426
509 798
247 511
147 587
380 403
695 775
541 789
358 677
381 711
98 595
195 841
366 950
115 463
367 869
219 568
207 756
184 695
479 548
436 859
180 234
296 939
178 768
212 508
85 623
15 952
102 308
292 708
708 750
443 775
229 846
193 763
406 492
57 840
256 264
855 981
342 975
419 1014
441 569
381 500
581 821
574 946
109 557
545 744
208 723
230 860
181 958
536 649
6 558
857 934
552 901
825 833
66 402
10 657
76 204
792 961
832 955
444 463
456 554
50 704
769 902
318 937
232 427
555 851
463 624
195 708
124 417
231 528
626 846
171 534
239 920
314 884
452 944
51 150
110 844
418 943
299 677
169 654
229 895
118 987
307 706
476 777
401 954
375 731
17 236
183 372
921 968
781 994
131 928
79 222
178 497
90 993
594 889
8 214
267 322
272 867
39 63
735 801
834 924
73 581
179 720
202 848
764 930
634 675
596 647
138 706
385 471
196 667
433 816
637 941
618 740
397 563
709 985
391 622
131 273
242 279
25 518
341 656
65 971
513 865
63 368
47 718
683 779
453 484
319 699
208 231
699 828
649 718
579 784
754 849
320 599
286 294
507 764
641 986
457 980
40 134
49 158
847 926
191 899
120 203
250 277
331 771
444 587
514 722
533 895
45 760
490 714
426 732
23 218
172 861
215 764
206 750
694 942
293 839
874 948
42 267
435 901
395 707
449 733
381 624
249 567
281 888
10 1000
509 717
61 435
624 745
181 928
919 921
560 917
5 988
598 871
96 170
706 932
164 615
988 1002
57 801
83 991
854 885
27 663
94 454
38 840
353 691
121 1006
62 1002
427 798
303 655
425 902
354 940
138 883
556 807
346 632
152 407
207 942
198 816
119 298
271 623
141 338
349 951
781 965
155 704
208 328
638 806
222 235
283 766
610 856
619 702
529 934
227 350
34 1007
22 115
224 917
522 773
111 619
37 952
953 959
114 128
856 990
89 790
299 338
881 973
227 960
544 749
117 777
110 881
35 398
276 953
134 856
8 932
855 928
651 680
342 638
27 357
429 950
17 517
218 960
139 645
552 812
824 916
356 518
0 807
617 709
458 1013
518 1006
79 788
135 575
41 493
40 814
76 160
457 902
703 964
180 800
225 969
272 443
270 795
392 792
95 947
118 989
670 805
101 923
348 562
164 482
88 802
498 933
284 387
119 736
183 525
281 644
423 722
502 639
472 687
622 869
370 533
43 734
569 923
175 368
311 632
565 829
515 776
586 999
126 841
12 936
37 985
3 578
288 746
757 959
872 962
163 717
20 512
844 846
115 269
163 487
338 938
754 946
675 731
520 526
89 153
935 1007
807 975
135 308
386 1004
797 951
199 988
242 373
181 407
766 974
674 1007
910 948
285 432
718 894
191 708
497 929
109 243
622 647
358 461
329 696
189 682
198 1000
324 743
152 536
399 659
562 711
507 513
356 804
521 538
70 377
321 461
631 644
288 412
296 356
202 656
581 911
329 525
226 584
427 898
365 414
595 646
343 642
210 724
553 677
769 960
36 816
55 807
764 786
261 468
22 795
61 545
372 926
355 908
261 982
762 814
69 878
35 508
7 928
351 699
249 724
296 407
266 783
127 828
195 218
5 648
81 512
103 760
460 632
369 917
129 271
150 711
286 950
137 650
89 408
170 394
700 879
513 668
132 345
737 918
678 932
532 780
260 332
913 1018
729 778
764 903
0 1020
241 840
11 89
425 667
524 850
153 909
352 989
291 344
491 646
471 860
580 607
306 751
207 835
445 834
84 857
813 886
308 511
618 698
327 977
247 559
294 742
151 744
426 794
586 911
180 634
169 428
298 449
112 456
566 657
14 730
406 666
226 804
98 245
433 675
550 726
86 522
185 448
129 837
943 1006
141 883
303 828
243 806
162 996
336 647
706 948
642 965
267 582
236 413
443 593
105 266
555 716
542 921
516 755
277 740
244 871
267 989
79 844
78 570
877 902
310 504
66 191
293 475
158 620
399 768
8 751
48 118
710 764
175 637
82 513
134 866
82 85
70 355
637 674
335 581
680 847
342 379
706 830
777 1000
177 863
568 702
338 466
371 420
308 567
197 748
506 728
482 943
430 579
83 246
279 318
773 997
393 991
490 922
425 481
93 637
123 275
130 531
141 570
272 575
140 201
20 341
264 1016
371 835
556 759
406 787
674 774
367 496
141 219
546 571
884 898
102 745
383 752
758 987
517 710
151 806
97 271
277 430
311 357
334 478
763 936
503 920
558 824
41 662
225 629
413 475
419 524
373 647
120 1003
548 714
320 970
858 957
587 923
655 915
554 876
516 995
134 208
50 793
541 901
307 411
318 1002
58 521
573 977
128 611
712 760
150 194
75 372
628 899
516 915
299 360
15 361
213 410
370 906
385 903
610 731
675 695
486 967
178 977
464 915
468 957
362 712
53 291
424 1010
512 768
338 937
686 884
198 311
657 714
200 881
905 918
81 349
483 632
696 894
429 624
823 888
348 546
466 658
397 999
537 722
710 856
107 685
415 967
82 457
420 583
607 751
91 510
317 645
515 844
222 405
367 368
249 450
601 953
361 653
712 832
638 745
665 700
672 730
293 789
403 965
57 487
199 851
211 851
429 682
290 641
328 383
543 607
168 744
191 885
709 905
2 61
777 825
27 789
366 461
558 571
562 902
307 453
881 1020
165 825
365 822
348 658
574 931
213 1023
12 722
332 671
144 259
656 658
468 670
779 926
159 362
765 940
156 187
660 926
656 798
542 725
37 627
567 707
597 655
220 845
439 829
322 819
64 487
867 1003
473 767
241 274
281 349
18 316
626 949
760 1001
394 755
306 880
232 740
475 589
134 668
372 607
634 780
244 352
34 645
125 885
607 960
587 822
247 640
273 1010
196 400
119 346
509 889
835 885
417 772
509 679
665 943
403 830
67 785
239 277
143 276
336 596
271 817
614 874
791 888
651 956
460 794
591 677
162 256
5 108
494 746
740 915
149 150
1 979
247 776
332 582
635 828
92 629
551 925
162 576
172 484
776 1008
460 673
287 958
43 620
357 838
40 311
471 520
413 470
177 883
758 959
353 456
242 264
42 412
611 894
656 721
342 503
484 673
746 1013
245 604
6 537
96 896
385 976
261 1016
269 355
434 624
349 823
98 241
528 663
394 680
159 983
274 655
647 813
292 394
439 555
274 624
172 235
959 1019
69 836
31 964
549 723
263 548
677 780
632 946
481 651
310 814
299 433
177 209
41 63
79 237
300 743
660 733
121 251
369 728
362 501
16 321
484 660
143 967
612 1015
587 649
86 856
505 640
114 869
20 41
415 621
258 525
34 373
430 548
432 992
25 210
673 681
981 1006
387 915
478 938
556 893
217 877
27 475
663 1019
216 802
12 117
333 653
483 949
22 77
975 984
895 930
340 997
704 965
197 882
245 820
184 923
135 838
525 700
39 497
8 610
580 924
504 783
290 571
5 365
457 532
366 635
23 46
457 885
15 359
685 802
184 333
802 999
150 313
11 712
481 782
340 783
700 943
251 352
80 474
198 378
798 835
35 278
136 823
35 503
324 716
601 1014
472 788
210 620
863 992
222 451
138 337
489 569
147 688
302 883
7 435
64 772
170 337
604 802
102 283
806 822
94 643
511 563
82 429
104 354
190 354
67 820
151 489
246 318
96 819
745 768
370 515
309 906
4 242
671 687
650 993
352 789
515 696
45 176
278 515
87 196
10 674
78 885
558 639
311 902
414 960
31 984
820 920
336 700
337 874
489 936
189 968
246 453
603 614
26 638
582 923
283 742
17 725
229 351
706 805
480 675
441 651
244 268
199 885
210 356
465 530
6 433
707 848
265 616
505 820
304 599
40 331
153 705
64 366
343 779
358 515
302 616
488 878
493 828
330 831
164 787
269 633
184 317
379 606
336 422
159 738
437 601
47 691
681 864
599 807
339 972
331 727
98 472
421 540
722 813
452 938
185 836
438 629
336 609
136 1003
553 997
664 736
781 985
14 524
809 937
666 845
396 698
225 331
502 541
57 87
302 404
244 818
635 738
719 765
124 249
297 663
202 509
230 437
282 592
295 695
671 709
4 969
568 778
5 150
458 1004
132 229
124 219
439 619
106 465
808 832
30 231
443 780
236 470
524 551
647 754
77 776
764 945
448 822
359 992
143 769
626 660
399 713
621 768
310 613
553 662
599 840
390 477
693 907
474 955
484 679
199 205
359 690
386 420
87 331
62 322
742 804
382 1016
56 589
434 913
38 935
560 928
433 552
574 985
13 46
18 339
916 1012
326 1007
51 892
822 989
377 543
279 906
440 616
24 613
550 857
609 653
140 874
611 671
34 719
226 866
15 695
204 940
733 951
8 168
416 575
313 456
111 589
264 975
68 344
208 713
697 995
229 850
317 478
654 806
125 974
240 682
332 978
446 450
467 589
5 639
19 636
383 522
420 745
196 752
388 515
264 614
880 894
319 848
260 642
167 229
701 1020
117 476
660 812
6 423
262 444
15 659
13 189
490 930
408 802
862 935
64 623
293 299
459 761
246 846
49 222
70 459
705 845
673 980
115 288
26 525
179 251
444 872
319 476
445 570
32 852
88 492
155 745
922 936
31 432
127 473
145 776
614 741
189 868
240 583
34 662
765 990
92 264
821 927
535 662
202 875
539 999
463 467
386 875
149 568
162 383
2 989
483 889
158 918
435 570
483 551
153 799
668 788
204 314
544 849
21 137
401 650
604 882
336 721
414 683
45 595
721 906
322 579
715 939
80 741
64 736
143 815
58 468
720 841
548 648
214 447
564 755
580 764
69 147
80 97
14 919
223 956
78 661
238 258
0 253
369 919
256 455
473 488
409 538
526 786
339 529
321 487
251 267
34 565
186 426
666 741
745 942
582 740
760 987
279 641
363 654
642 798
439 713
375 456
14 579
17 378
494 553
106 414
507 628
904 968
336 567
395 935
132 1019
220 414
127 164
451 903
69 834
647 768
147 531
8 530
545 647
393 618
557 741
171 794
173 615
290 645
41 322
164 418
398 680
25 287
107 378
66 136
126 323
512 633
119 146
297 403
28 524
300 337
276 358
434 787
172 296
14 696
779 811
139 649
487 704
792 917
237 372
373 968
316 830
372 526
448 723
258 820
683 825
199 396
874 932
483 876
648 766
158 579
363 458
326 404
116 917
7 689
777 790
50 998
751 1014
420 566
335 652
668 839
257 317
673 847
6 563
368 730
341 970
124 192
689 747
211 818
623 765
616 752
320 909
371 582
595 829
168 332
134 167
404 780
477 839
626 723
258 960
809 958
412 835
58 61
651 979
30 214
151 462
494 783
92 958
731 776
155 521
270 523
427 763
244 475
328 730
773 863
339 523
858 1001
271 575
624 887
191 930
198 907
282 633
24 142
665 825
696 808
114 136
124 186
381 420
248 892
36 295
285 308
272 1014
151 351
142 595
286 830
408 636
780 893
63 659
334 560
247 789
250 454
448 664
239 557
38 343
30 960
460 690
875 956
194 1015
726 835
291 926
294 917
463 899
103 704
609 787
150 505
155 380
335 531
408 935
506 540
125 419
285 389
351 750
158 256
91 306
159 719
497 649
365 531
250 690
775 783
123 599
528 716
511 954
254 364
296 326
157 401
153 951
327 545
67 489
529 614
448 1010
290 775
645 703
338 932
498 605
669 702
221 618
21 325
713 827
389 839
477 969
381 958
144 350
738 860
330 943
411 939
569 968
492 863
435 616
702 706
515 775
584 908
153 167
814 978
46 240
7 438
675 806
14 738
544 795
134 455
653 787
82 925
215 664
566 706
161 895
8 781
333 515
49 100
549 812
434 874
15 631
671 686
14 59
215 567
108 637
811 846
81 595
137 363
712 992
350 657
47 537
151 550
123 468
220 770
709 1018
18 370
620 727
58 809
353 792
478 942
788 964
905 1016
212 939
364 859
20 812
416 977
292 564
723 882
349 593
344 924
172 351
501 911
11 567
746 919
311 412
261 625
256 691
195 361
566 906
430 929
299 927
370 568
47 251
606 973
464 942
527 779
151 789
191 381
92 1009
741 930
468 751
799 818
701 877
7 159
453 1023
75 218
290 672
475 802
204 820
279 481
90 561
146 585
233 244
200 588
14 923
548 989
629 800
29 416
61 1001
311 518
169 682
658 887
295 718
60 943
38 519
761 987
303 377
227 980
107 589
220 640
254 703
610 712
961 1003
57 443
779 800
770 797
37 521
904 921
875 993
40 480
113 193
502 935
595 808
285 527
292 296
159 449
249 705
2 223
408 434
1 834
149 350
109 534
249 960
4 355
248 887
114 176
845 986
563 702
687 759
27 47
517 650
583 763
417 696
82 896
211 288
323 950
551 574
183 608
590 976
78 825
833 847
144 569
630 806
49 679
436 769
204 836
106 418
186 258
70 715
339 459
156 935
327 1013
20 969
265 775
280 723
73 876
977 1018
123 969
4 432
693 842
611 857
476 548
424 914
509 631
186 927
329 570
89 382
175 585
512 903
188 628
60 595
468 765
597 704
320 556
296 381
222 354
370 463
312 323
265 1006
411 876
72 280
152 515
535 816
156 261
48 178
413 493
243 541
402 585
7 493
448 936
140 274
400 893
360 451
78 595
545 921
156 265
315 392
962 980
672 731
712 853
199 434
208 487
176 341
469 875
61 786
342 456
421 888
444 539
394 495
750 1022
793 985
113 251
187 524
52 630
11 838
304 530
258 394
329 1011
133 553
347 652
494 788
383 691
713 730
347 423
660 786
162 1016
152 525
9 27
281 926
232 408
422 947
306 648
163 880
372 746
394 956
509 803
58 195
216 477
638 978
69 638
81 170
204 438
457 698
288 816
795 943
14 832
175 274
356 920
448 709
4 569
159 466
447 938
767 796
495 1015
804 909
88 557
285 385
346 989
79 395
16 443
658 898
266 611
819 873
289 950
173 607
184 222
756 981
54 955
800 941
735 1016
115 389
289 322
24 150
461 904
917 948
14 217
750 991
410 432
814 897
345 713
89 778
715 738
262 853
717 823
686 918
9 23
185 192
219 703
196 931
62 894
64 665
592 1000
489 1018
58 953
57 876
395 461
623 867
579 666
679 835
579 850
875 880
478 900
62 769
331 526
417 970
564 878
8 715
166 452
297 671
280 435
747 753
451 709
287 339
296 508
957 992
217 292
385 622
842 869
181 489
222 256
638 916
328 509
99 944
720 995
248 666
73 715
338 809
421 567
96 794
339 502
435 941
100 835
543 861
103 605
171 736
328 761
302 889
17 165
607 771
202 861
212 722
550 791
315 350
583 899
532 575
374 690
275 589
409 645
125 481
804 901
477 707
428 637
327 1001
18 273
272 929
419 832
539 769
205 476
391 666
144 476
87 424
188 515
111 536
310 960
443 682
521 1013
477 585
446 628
648 649
848 890
406 669
293 329
354 999
230 464
74 252
145 848
351 826
436 787
475 646
365 798
186 317
31 34
67 94
105 435
549 738
418 599
482 975
76 125
341 833
261 445
757 993
174 269
272 612
704 837
313 372
334 688
312 608
68 736
241 876
107 511
198 558
239 781
172 575
828 995
282 371
300 955
626 931
244 279
16 255
125 268
294 969
401 409
175 787
141 300
8 946
182 973
2 18
50 323
443 792
315 826
799 857
261 408
763 957
373 644
714 815
418 988
453 915
829 979
286 708
210 862
617 733
473 561
359 1008
372 730
91 270
96 475
539 702
191 999
366 654
109 1018
19 356
482 861
376 807
391 617
431 621
754 913
82 254
287 380
317 708
227 981
96 504
401 531
34 834
967 1017
344 950
392 942
274 426
59 661
309 928
221 583
195 491
371 905
253 831
197 523
110 402
254 801
627 984
534 921
585 1007
466 856
482 641
107 372
194 268
43 490
369 713
300 638
679 927
85 440
368 1019
749 983
699 1010
550 950
122 158
127 450
293 609
45 793
215 595
37 326
38 331
211 653
382 751
319 329
308 673
232 484
668 723
416 962
472 613
295 556
465 1017
104 913
124 626
329 503
98 274
625 850
178 425
570 848
496 611
528 542
563 852
324 973
694 787
661 731
339 848
24 643
319 523
854 1022
243 699
338 926
528 793
814 873
400 476
412 528
8 590
641 820
189 698
70 952
264 474
323 951
230 712
92 434
156 288
321 945
17 818
294 930
176 187
415 475
819 988
361 961
449 751
85 287
389 522
595 602
444 904
193 617
452 621
197 295
63 81
340 847
324 543
141 239
184 778
320 436
346 607
442 627
43 48
159 905
512 716
474 803
596 947
28 140
304 448
3 109
119 938
530 774
21 903
123 945
480 658
613 934
575 1023
514 888
288 918
599 1008
113 358
658 760
4 876
569 907
538 706
503 601
268 1014
383 610
244 592
187 509
252 594
92 934
205 744
337 463
180 892
642 697
334 982
677 740
238 917
21 122
99 376
423 997
402 668
186 481
193 369
254 707
833 894
356 379
15 518
35 377
285 778
146 473
8 464
9 902
390 493
549 651
39 1005
747 1001
559 585
95 918
18 731
560 677
110 146
465 717
185 693
462 816
150 491
33 516
104 674
470 500
250 631
846 923
218 788
497 850
123 952
8 647
134 249
363 757
467 969
271 679
509 525
670 957
611 1012
675 741
244 300
435 1014
662 1008
49 705
390 907
170 700
301 874
44 225
432 730
268 927
97 450
545 874
764 779
388 479
11 633
1 842
307 468
29 843
114 784
171 951
596 950
376 897
776 972
586 741
64 847
368 485
622 989
88 375
482 824
627 847
334 589
65 384
530 854
273 722
56 412
248 757
521 801
148 994
332 670
40 115
578 591
481 698
48 708
371 631
265 428
570 657
247 534
331 760
182 705
317 578
811 824
148 621
130 227
522 662
18 368
555 892
132 324
682 877
570 893
501 841
69 945
430 599
427 903
494 700
138 419
118 394
370 563
91 732
116 339
285 873
699 734
901 970
187 263
70 772
661 727
509 924
20 159
212 791
381 531
176 678
31 290
94 626
296 1002
461 576
60 140
929 972
276 908
50 710
467 490
294 870
273 731
221 229
542 659
293 697
122 452
375 544
569 881
742 1020
287 335
139 230
348 662
30 586
462 1006
102 503
177 859
324 673
346 757
497 557
128 212
324 889
498 532
234 550
70 329
90 692
188 740
216 961
84 550
644 997
621 869
424 606
192 686
154 183
596 626
380 599
291 601
245 573
334 513
114 903
692 972
445 718
461 581
475 769
233 409
545 936
192 771
97 839
515 767
27 969
553 646
246 915
58 678
18 478
672 976
160 942
602 928
282 423
534 545
307 378
411 531
280 996
1 248
400 691
769 796
579 992
328 816
439 706
441 814
412 631
325 523
30 90
406 1008
571 670
179 912
888 916
812 851
96 230
486 744
564 593
269 318
445 545
92 735
742 945
210 447
196 430
192 525
756 777
51 176
484 727
10 16
597 727
11 241
448 884
239 849
211 672
320 965
357 491
169 868
110 467
169 1003
716 971
204 512
402 577
29 230
319 856
57 127
342 500
416 698
539 682
110 653
315 892
290 293
627 1016
274 494
203 421
84 917
295 521
689 836
282 959
323 1014
2 356
82 196
774 797
466 991
338 956
689 767
859 942
41 886
167 1019
672 698
12 943
192 329
30 289
723 784
3 32
542 712
303 745
231 548
234 960
855 879
23 138
496 677
624 822
377 825
607 958
16 533
645 826
181 585
617 702
483 989
417 464
591 895
467 874
79 534
448 562
629 811
187 225
57 574
243 262
727 749
290 510
660 746
665 876
357 620
633 959
372 546
822 917
151 403
46 549
3 428
171 694
345 816
271 489
194 390
400 1003
218 729
401 850
14 504
269 496
147 195
167 371
258 999
934 1013
135 977
273 443
878 973
488 1000
650 933
795 967
447 626
35 715
97 360
907 1010
118 498
327 529
175 746
174 819
235 729
362 982
251 309
463 513
452 806
669 892
779 906
216 242
73 474
369 428
357 937
718 816
504 559
224 403
88 661
436 990
120 227
264 300
186 611
424 875
627 905
382 737
14 869
331 570
219 1020
13 136
11 931
708 738
155 198
228 494
206 239
305 630
136 280
666 733
251 704
69 220
5 992
433 530
441 617
568 596
613 729
695 799
694 726
413 555
192 833
262 588
536 593
532 705
37 120
354 491
784 854
143 654
563 935
278 453
596 733
94 459
166 937
407 927
241 673
227 554
407 433
106 144
115 874
235 281
821 937
475 680
319 505
440 634
255 574
656 669
513 644
308 1020
755 907
167 573
315 596
459 722
984 996
430 959
51 738
144 271
560 806
807 884
430 466
329 512
354 412
338 385
58 747
214 412
418 538
89 116
184 279
632 948
470 578
225 496
339 581
277 313
855 980
215 330
81 701
208 377
813 912
287 993
573 705
733 880
541 849
641 1014
299 327
679 697
330 654
51 349
354 756
220 796
54 661
47 943
766 1017
268 365
263 573
149 428
229 788
54 69
195 462
916 949
374 416
296 368
176 311
153 556
391 708
29 887
187 749
193 340
228 587
932 1017
69 778
683 810
40 160
415 574
185 322
722 780
305 460
323 579
339 606
292 992
374 946
75 526
501 1014
231 552
18 476
914 1015
46 492
10 566
104 775
17 959
806 969
254 970
37 467
7 532
448 762
474 851
66 851
388 741
324 931
328 666
492 879
790 814
539 858
350 1015
214 784
135 760
85 860
771 1008
226 867
103 755
355 466
304 871
59 848
253 342
826 1007
494 900
128 984
320 442
234 719
447 648
38 573
707 783
59 884
796 954
114 299
90 970
83 951
51 516
57 610
711 725
358 860
784 894
70 385
592 774
293 384
426 647
729 775
643 966
535 933
386 410
504 968
232 592
9 223
636 777
423 659
551 928
105 325
364 369
224 349
485 591
386 491
546 934
264 469
211 303
454 671
421 658
111 204
153 596
246 605
516 521
411 764
703 711
24 430
711 925
46 182
594 664
63 890
647 854
856 874
427 688
591 611
520 570
6 805
450 600
744 746
284 830
476 801
180 511
467 530
637 657
25 174
541 788
130 840
374 491
327 621
81 89
317 754
458 846
82 399
253 835
477 764
212 403
358 851
959 962
874 950
155 378
155 917
157 411
30 899
692 795
721 939
330 590
514 875
334 991
260 612
48 58
438 576
59 850
294 935
67 209
26 303
882 902
208 990
111 502
25 129
433 796
813 952
451 761
243 563
102 754
620 950
386 974
133 504
118 494
177 940
81 566
807 818
72 531
246 769
175 972
497 992
684 884
85 400
613 880
220 291
399 532
424 854
213 818
760 794
89 122
570 615
751 885
169 388
278 296
372 821
190 1015
18 31
144 630
241 515
250 703
328 413
28 773
150 337
354 882
518 885
259 268
491 938
82 352
228 904
329 410
242 300
671 861
610 909
141 242
248 368
499 913
150 460
17 695
191 508
595 803
821 958
369 984
407 923
75 711
76 119
138 922
380 544
492 906
316 357
159 308
242 696
25 524
309 656
929 1012
309 478
454 468
962 1000
255 776
288 355
561 960
264 898
80 562
280 917
364 985
612 818
18 221
436 729
63 525
645 938
218 839
170 473
502 667
152 847
96 144
53 650
447 899
18 507
226 540
192 608
310 373
149 263
772 815
414 677
18 619
69 989
181 189
146 385
51 131
442 518
415 995
667 999
283 789
197 712
351 922
470 901
114 683
167 885
4 665
904 914
17 123
245 426
10 480
507 969
19 81
144 228
135 954
101 360
821 923
513 953
12 538
613 914
443 925
36 1002
66 245
154 546
739 764
357 624
547 818
172 567
480 788
595 1004
213 660
29 448
542 588
68 901
626 942
843 968
485 1012
334 875
592 936
164 560
271 639
121 332
863 931
574 754
930 944
210 840
340 838
214 674
580 672
223 785
943 1001
319 641
404 584
164 773
78 288
425 603
347 857
76 777
386 840
246 577
174 488
460 832
17 498
439 454
116 833
296 719
554 803
24 984
255 767
529 659
97 744
257 329
533 1008
814 876
45 709
513 549
444 800
125 963
413 829
163 919
695 727
368 841
398 582
98 826
240 876
452 778
81 322
647 847
207 426
36 85
630 813
259 365
368 724
905 971
212 928
460 486
908 973
265 748
244 357
625 997
353 534
55 445
279 621
87 746
25 291
527 955
324 1021
83 752
504 526
287 947
456 923
96 907
156 268
20 643
231 834
356 513
211 231
223 480
15 303
664 867
635 841
257 597
529 992
241 396
779 819
111 359
440 833
336 740
451 940
360 800
4 240
403 446
592 621
234 293
396 701
283 786
264 536
726 882
300 450
741 843
99 134
106 905
233 770
49 174
706 912
202 621
199 346
141 622
401 567
372 969
413 558
255 848
276 711
518 591
4 679
790 792
232 738
239 559
572 688
248 298
175 1011
312 718
767 897
31 541
297 493
777 993
271 620
551 660
514 992
263 431
229 446
734 857
471 711
217 755
179 386
152 445
480 959
492 596
172 455
212 299
87 245
327 950
543 974
31 847
299 925
316 1009
44 410
372 631
474 603
787 985
218 881
165 244
111 659
45 784
833 898
150 990
142 254
487 931
127 334
487 709
666 897
699 772
442 971
46 359
19 965
291 793
68 869
266 764
163 403
309 533
411 1020
503 943
642 871
87 404
845 863
34 211
38 990
754 1015
323 585
512 884
33 44
24 527
146 648
573 835
247 604
139 814
414 848
234 600
39 127
700 906
673 810
429 633
57 460
456 705
116 543
202 323
21 609
154 977
652 1005
250 373
439 842
365 726
734 939
394 549
42 868
243 994
396 499
754 888
609 994
84 202
282 866
887 897
91 835
659 700
773 967
249 527
74 321
1 326
263 330
25 957
587 918
659 905
435 884
141 877
259 520
147 360
654 718
67 596
135 686
124 445
206 915
704 1000
153 496
254 257
154 286
277 736
403 889
482 1010
243 515
609 647
423 771
46 172
170 879
923 985
258 532
477 927
145 980
759 934
63 149
522 694
407 839
867 1015
173 963
490 527
551 1017
436 533
205 256
466 562
82 732
234 745
86 283
473 877
375 903
316 839
513 769
446 558
51 451
136 970
226 808
228 732
934 980
1 476
87 94
9 921
214 874
275 536
558 1013
379 401
304 722
335 855
753 789
649 734
863 901
733 916
866 869
179 813
484 601
822 887
38 308
423 474
323 842
428 648
140 704
168 475
88 249
399 667
535 716
246 954
161 602
392 781
243 585
244 546
285 689
23 282
571 573
293 420
868 1000
586 616
731 799
488 996
10 166
398 411
350 760
459 759
411 802
217 711
98 382
359 614
19 471
617 715
385 721
286 339
329 597
502 519
674 741
291 587
51 742
344 368
556 707
431 851
158 863
457 579
153 522
539 974
724 885
479 518
169 449
410 509
127 631
158 235
245 868
351 971
19 955
150 715
375 491
329 630
888 960
349 861
840 896
633 963
150 682
237 475
181 231
254 294
290 355
2 857
189 599
818 935
117 933
401 945
333 517
253 786
814 884
76 673
345 375
0 503
134 154
326 643
229 333
489 619
153 746
182 544
111 179
241 842
407 701
417 586
727 792
163 689
698 795
625 717
486 886
652 823
202 778
512 967
383 733
383 1018
113 250
180 864
430 1009
92 614
638 672
670 695
700 832
381 995
423 627
775 964
716 832
734 930
358 502
889 905
417 565
127 713
15 436
458 751
568 963
867 945
896 963
264 335
246 537
766 845
257 488
338 1015
319 574
102 397
334 927
172 228
438 497
507 733
787 893
323 777
188 556
164 442
27 403
275 968
413 565
509 691
299 901
440 987
35 773
328 570
308 865
673 678
201 411
431 767
659 991
636 829
510 889
717 872
338 529
331 471
657 781
637 822
203 366
361 737
332 426
534 541
24 676
626 817
716 740
541 1015
43 641
712 767
227 531
165 884
167 1010
643 956
547 620
586 915
16 498
492 902
319 702
356 649
571 1010
298 311
395 679
696 778
579 810
431 675
613 946
29 339
813 827
590 787
524 804
36 689
306 915
350 645
71 352
429 622
131 794
171 937
205 998
40 64
184 844
341 940
300 940
958 1000
487 904
831 939
131 596
343 756
633 942
555 618
611 638
75 987
220 430
619 922
132 621
223 994
81 912
53 1002
54 769
107 966
71 261
124 739
507 543
381 959
63 1012
24 950
195 244
36 716
159 657
68 790
68 496
239 324
620 717
194 374
134 346
414 549
412 749
46 837
230 798
465 746
400 768
2 534
162 987
287 712
498 512
63 451
244 503
438 720
224 780
632 741
464 844
246 556
87 658
66 608
624 935
155 735
699 998
143 584
49 423
637 883
245 453
503 613
703 866
46 152
15 431
391 595
728 854
5 19
25 313
209 1016
19 932
705 993
696 983
551 998
209 540
243 978
161 465
452 774
354 569
469 1016
48 745
803 981
335 838
309 349
249 974
36 109
81 727
169 978
198 653
210 995
57 216
190 805
605 612
724 1013
430 786
205 633
304 688
243 436
403 411
271 361
454 546
482 903
862 973
101 400
391 401
575 916
687 748
339 397
0 63
203 214
715 894
214 381
294 416
372 1015
295 690
108 349
569 674
142 457
525 817
273 606
776 815
282 837
451 909
3 396
439 497
234 855
213 460
392 911
492 897
68 622
663 842
30 101
338 900
265 394
23 179
701 889
581 861
78 723
459 950
431 747
538 605
74 728
256 268
621 697
129 730
87 471
689 927
554 816
407 420
307 924
91 906
408 956
349 732
578 881
148 329
690 972
78 331
555 574
507 935
42 79
429 493
1 697
286 617
81 527
393 950
570 579
614 771
109 431
758 847
141 976
215 237
181 684
413 529
413 819
304 847
586 877
42 741
40 48
917 958
461 779
315 322
322 721
28 69
312 315
642 935
11 368
794 988
271 331
616 796
268 555
15 324
278 338
14 41
568 937
792 809
207 606
395 978
744 779
194 633
215 280
641 878
332 438
846 894
181 556
276 514
192 894
486 643
130 479
229 802
425 952
517 792
725 953
521 892
135 278
813 948
286 926
51 181
230 774
433 498
695 841
69 542
20 107
89 564
262 661
202 437
565 988
101 169
403 805
726 913
315 767
27 656
322 378
492 806
642 662
252 998
578 712
55 534
784 825
577 660
562 720
371 962
266 839
342 730
720 887
53 218
220 867
244 964
510 736
258 328
33 368
640 753
223 764
390 925
572 791
269 749
472 753
462 658
737 950
386 626
470 916
271 787
105 844
139 630
178 640
111 252
604 698
342 583
139 962
355 937
109 230
27 329
439 908
527 836
365 468
86 840
234 652
689 872
447 642
172 877
449 649
111 483
807 877
438 501
152 838
545 705
644 763
364 513
240 489
537 645
433 1015
178 740
323 847
133 260
410 876
296 670
222 347
709 1017
472 691
20 1008
227 552
107 232
495 940
131 275
338 1006
124 434
159 413
716 1002
277 564
372 401
9 910
162 482
622 725
48 726
605 708
330 937
464 986
110 1005
441 618
663 764
210 883
913 928
542 726
268 497
737 983
120 242
355 911
104 353
296 951
644 792
937 974
571 913
36 969
111 134
389 508
86 917
575 787
476 551
250 650
550 657
59 121
49 1002
24 594
559 692
1 198
621 865
853 881
261 471
191 263
156 837
169 408
219 487
744 812
550 630
703 1000
140 395
567 873
124 975
423 431
21 513
373 608
211 301
134 416
430 726
177 387
509 911
86 219
285 686
219 817
301 377
280 426
216 509
112 621
443 795
233 543
15 285
96 897
528 635
137 487
212 639
410 632
800 842
245 268
270 942
618 784
112 769
398 979
293 782
660 809
694 826
271 991
245 980
335 834
792 918
553 855
867 989
341 881
327 347
819 891
569 993
763 1008
292 807
662 873
187 755
236 866
202 315
53 584
565 636
62 754
556 590
323 871
345 920
857 959
260 540
779 992
310 893
37 626
467 586
175 994
180 329
141 755
203 753
149 798
255 807
118 148
59 804
398 480
440 688
415 565
767 814
615 639
522 989
67 418
527 677
87 157
327 873
267 446
507 997
348 574
81 282
378 769
351 999
676 852
430 661
42 298
250 544
395 556
586 794
534 700
399 791
264 870
684 806
247 521
270 298
371 470
689 790
492 648
42 582
562 1010
547 666
264 849
480 690
203 779
238 275
223 851
651 914
196 276
469 504
598 951
307 615
713 925
521 677
532 953
96 932
110 228
600 998
770 848
346 479
139 518
793 828
105 728
144 258
