2048
1362 1643
606 654
317 1927
567 1752
1582 1793
1402 1457
201 419
937 1222
32 476
714 1705
684 1503
262 1064
1677 1929
226 1681
346 356
1098 1164
312 514
112 1523
537 1401
491 781
240 604
902 1673
405 1522
480 1408
772 1047
529 1669
229 1380
1496 1887
550 886
292 664
1666 1825
607 1836
525 1316
840 1177
591 1867
111 1159
908 1277
1017 1693
248 893
323 864
1099 1479
30 857
599 799
580 1654
85 414
459 1000
619 1295
355 1724
1194 1213
1127 1662
923 1364
655 975
1371 1425
146 226
720 2013
693 1680
604 839
1497 2038
1241 1923
1321 1647
1360 1460
561 1338
121 259
230 994
957 1479
1545 1995
581 1061
1780 1815
79 703
702 2040
1156 1580
755 1876
486 1615
1041 1870
1207 1822
202 880
527 1487
528 1818
666 1914
703 1109
897 1948
843 1884
105 421
209 748
384 1718
8 407
961 1346
367 1432
1126 1555
973 1179
716 1012
159 656
716 1567
1293 1440
1167 1311
418 812
1246 1490
841 1608
417 2031
213 1580
501 1124
726 1896
894 2021
1081 1948
1287 1756
50 66
7 826
182 877
1669 1893
525 632
199 1841
1122 1888
124 1283
422 632
995 1278
159 1161
713 875
37 1806
1191 1355
1536 1793
458 670
563 713
613 1905
276 829
13 1476
286 1467
1261 1525
652 1668
64 881
238 949
1640 1963
1097 1875
244 319
518 532
254 262
515 1747
49 1145
1540 1871
528 635
1202 1540
1504 2036
2023 2033
1740 1958
1096 1114
696 1992
989 1776
25 1151
1772 1812
1045 1986
36 1051
450 569
470 1142
813 1955
297 758
451 763
379 1804
954 2022
60 1987
473 1391
509 602
453 1451
228 465
896 1520
514 1685
1280 1939
414 1628
638 1548
1168 1598
702 1782
1028 1310
186 693
1433 1519
409 1791
29 829
253 1423
311 561
34 542
263 846
737 2007
110 504
127 435
112 948
102 671
311 1340
1365 1861
947 1524
500 1464
785 1930
1110 1355
337 1864
433 1980
37 1394
71 1459
164 1399
718 2016
801 1613
132 1402
1096 1296
950 1951
642 1849
38 1287
380 611
328 685
585 1115
833 1711
69 1574
472 632
126 595
1096 2017
703 1291
1267 2003
458 1399
143 1777
823 1956
761 1359
182 364
511 1471
153 385
28 1643
1522 1844
248 977
13 1250
401 1116
552 1815
531 2002
1672 1831
60 1395
1048 1193
886 1493
707 1504
814 911
747 1618
15 1725
74 1439
337 1168
584 1595
1084 1232
248 1418
101 582
1297 1674
144 1459
675 1164
185 1731
488 1004
18 1788
428 1903
1098 1205
550 1569
350 651
625 1641
922 1149
755 1088
422 1746
1372 1746
1703 1746
791 909
116 280
1042 1401
1539 1681
51 1711
49 1801
293 984
30 434
267 1361
970 1053
751 1471
1366 1800
1116 1574
1297 1479
619 788
1210 1357
404 844
52 1633
694 1848
835 837
598 1580
765 1407
230 348
23 882
405 1691
159 691
902 1746
128 322
881 1401
500 1647
363 1475
484 1308
51 452
275 1056
1564 1909
122 524
111 297
804 1699
99 1668
579 1757
1071 1304
1189 1253
157 1157
610 1853
1 250
1023 1864
1097 1567
471 1901
809 1390
1210 2012
1559 1744
175 768
1186 2014
432 913
1601 1924
15 900
51 1407
311 533
1150 1957
1225 1423
561 1210
349 1813
213 1300
1049 1166
339 1433
156 848
1782 1997
314 1450
68 1084
913 1182
554 927
388 654
200 371
30 191
213 719
65 749
23 299
653 1951
79 449
567 678
149 866
830 1862
858 1813
1224 1240
729 1436
303 1647
927 1623
696 1467
206 281
950 1166
1364 1651
736 1548
954 1988
272 1936
1315 1667
306 699
518 1440
301 1117
829 1971
1504 1707
66 830
14 185
44 1167
953 1974
957 1006
724 1781
1468 1888
565 1921
474 537
594 831
699 847
853 1052
1471 1849
893 1962
1247 1735
1397 1963
1805 1982
492 1185
866 1680
1598 1812
700 846
397 936
61 567
1451 1847
1473 2022
7 801
31 242
340 585
1651 1843
367 1424
902 1897
1165 1914
551 1620
435 1633
1381 1787
1589 1957
478 1899
542 1102
998 1905
570 619
656 830
738 1865
884 1698
554 804
945 1756
895 1254
636 1821
207 1632
168 594
385 1834
380 1432
690 1204
195 2019
407 2031
19 1907
116 1325
108 934
1154 1866
925 1310
808 1301
1496 1544
229 1500
180 547
1038 2031
825 1613
675 1899
283 873
1145 1356
185 838
663 1988
786 1733
1487 1968
1320 1453
1117 1699
687 1280
1214 1391
1155 1900
841 1752
1242 1638
167 1773
266 779
542 977
284 717
921 1724
1103 1760
375 548
43 1801
992 1734
449 1732
175 1029
58 985
1337 1872
828 1266
402 1393
237 1905
1243 1460
149 1571
1933 1970
1295 1721
1001 1077
740 1434
1491 1901
1175 1549
247 307
911 1451
201 1368
1208 1936
37 943
975 1726
248 1947
1378 1803
1223 1503
1193 1398
944 1439
115 1247
448 1550
701 1129
1351 1759
88 574
827 1685
564 1964
1347 1986
142 1901
878 1400
995 1835
234 1502
217 1325
1143 1943
438 1784
28 1033
1666 1755
659 1897
59 1272
740 810
946 1732
551 1371
1292 1414
493 933
296 684
1119 1952
315 1483
288 1193
847 1708
103 1459
166 1803
421 1020
761 1545
1604 2025
272 384
26 954
330 1571
356 1186
1006 1599
424 1079
639 1034
300 919
39 1434
797 1473
1540 1675
444 651
1888 1990
363 1879
138 238
189 1780
1323 1462
262 1098
1115 1228
1729 2005
1110 1328
402 449
396 1233
203 1832
940 1293
1279 1342
1398 1851
498 1499
1066 1531
1104 1483
725 1950
1527 1623
364 1763
834 1438
255 1165
1226 1469
1350 1528
122 574
537 1882
438 782
641 1346
242 1972
866 1646
1421 1707
1414 1754
443 1417
152 1464
127 1971
628 1548
452 455
291 1818
23 708
1826 2005
216 438
1066 1794
1578 1874
265 1476
886 944
402 1050
121 633
460 1899
79 1038
378 2027
1491 1674
378 1287
1188 1748
248 1259
1384 1538
626 687
1496 1807
1029 1312
1060 2002
560 1148
86 488
836 1593
239 765
1216 1291
16 1188
148 187
678 686
1239 2033
843 1108
32 2008
1574 2004
92 505
845 938
670 1757
1096 1371
600 1179
1573 1741
165 387
762 1481
1920 2024
412 1978
281 442
141 193
179 1692
1283 1836
116 1584
482 650
556 1947
283 620
210 475
208 1987
1896 1974
1420 1746
68 1129
826 1776
665 1583
1564 2009
1134 1650
759 814
102 814
306 2002
296 1945
694 1777
86 1727
996 1401
295 1938
639 1783
1299 1626
25 1140
426 766
251 584
649 1801
1598 1729
1113 1468
854 1582
79 525
245 583
680 713
725 1412
150 1019
366 987
1759 1857
876 1490
442 1263
1099 1353
579 1837
586 1024
618 1263
848 1287
150 615
512 1364
206 1686
854 1452
1172 1816
321 1874
240 263
770 1591
88 842
959 1000
1744 2008
826 1782
912 1546
586 1683
847 1258
137 1564
582 1050
12 276
1034 1219
725 1979
196 1435
145 696
629 1250
64 309
740 1843
514 1695
199 833
86 624
452 1228
523 1787
21 281
139 488
622 1230
303 1639
831 1124
1378 1954
1827 1960
187 960
54 411
1096 1616
615 1315
660 1100
95 2013
752 969
850 1576
1303 1736
19 785
360 1098
1015 1418
196 1183
1361 1829
665 1047
957 1441
289 1944
893 1885
251 958
930 1781
134 1427
1076 1563
583 1158
28 1352
363 1858
1078 1623
331 1884
1119 1490
172 1201
125 1403
579 1966
30 124
378 723
208 365
41 1455
362 1690
1131 1369
1008 1061
327 372
1049 1587
1178 1798
396 1058
1195 1878
859 1963
1134 1597
49 484
439 1111
597 904
120 697
27 440
1123 1622
1861 1921
40 930
104 1045
46 830
1446 1531
1183 1647
362 698
1188 1219
556 1664
304 759
739 1469
618 1410
841 1990
526 1659
1214 1472
8 728
70 1182
438 1038
1787 1857
322 820
1561 1787
600 653
342 671
587 893
723 1880
1426 1967
924 1623
1053 1461
1044 1256
1443 1461
1056 1659
394 1784
906 2013
771 1045
335 1173
633 1040
87 973
763 1849
1144 1329
1574 1961
50 1605
1427 1574
1596 1694
928 1142
923 1952
698 961
1825 1955
556 1375
332 682
1396 1419
387 785
550 741
1322 1443
1755 2008
516 1248
1327 1332
1676 1816
1427 1678
551 1314
450 544
410 1639
1054 1697
139 757
584 1226
478 1500
1760 1965
728 1089
1264 1443
435 1292
247 592
932 1155
610 1286
1064 1088
549 812
559 1997
588 1724
561 942
663 1023
637 1439
831 1874
306 553
1140 1322
676 1700
1088 1221
935 1698
1734 1859
104 842
164 313
1254 1720
496 834
1162 1640
509 1795
186 1368
525 1692
328 1968
60 606
500 1074
790 1111
694 1669
1246 1325
1459 1737
611 725
1473 1852
137 526
83 1162
695 1177
72 608
582 685
361 1235
171 1944
575 968
24 232
1447 1888
1216 1728
120 1320
967 1929
108 566
109 1702
1230 1920
207 1249
354 443
1316 1333
1245 2040
885 975
966 1974
924 1817
312 724
411 582
1189 2002
6 1761
683 1266
1196 1838
1472 1785
147 462
360 665
1095 1460
335 1805
1533 1575
725 1020
423 554
636 2007
272 788
206 1061
909 1044
1155 1468
132 613
489 1675
254 1358
71 592
942 1853
728 2010
1471 1586
870 1481
1524 2033
1481 1890
751 1353
22 324
899 1712
33 178
1135 2039
1221 1350
1705 1856
1243 1616
407 907
1525 1904
684 1837
834 1176
694 1039
1319 1921
1877 1942
10 1371
29 921
181 1234
1037 1905
704 718
780 897
482 1870
71 736
252 771
107 591
1035 1415
695 1120
786 1501
208 470
289 476
636 745
499 1842
370 1552
603 1334
512 1725
1063 1877
765 1883
67 1867
10 544
441 1726
223 1851
1406 1700
159 1481
1522 1752
97 892
846 1145
1233 1940
479 1993
257 1802
1368 1778
514 1423
38 395
473 1837
795 1289
408 901
1425 1553
356 399
239 487
36 2045
657 990
515 977
1357 1638
1178 1417
587 669
131 1485
178 219
247 1564
1418 1943
1722 1854
498 1832
595 623
438 1056
546 1847
559 1776
1543 1867
843 1557
1890 1997
1219 1331
1439 1581
762 1707
51 1324
895 1967
483 839
462 1727
49 1402
619 1432
859 1196
1311 1870
1119 1946
412 1908
1031 2031
12 911
843 1700
1373 1581
138 1060
164 537
84 993
1311 1934
1176 1900
1740 1843
31 36
53 1322
526 1653
274 858
373 1105
462 1468
195 272
217 992
34 1645
981 1270
1403 1723
338 428
240 718
45 1376
1470 1499
1374 2021
44 72
1830 1953
423 496
775 1170
418 1904
341 678
1043 1470
628 1028
720 1923
1009 1733
719 1993
85 895
1082 1985
1330 1864
1337 1853
688 1509
1583 1755
144 1452
1092 1632
1340 1960
65 1347
59 1967
556 2017
589 900
473 677
1632 1635
924 1261
247 371
556 1793
1183 1558
28 1214
427 654
171 812
362 592
1483 1572
92 1856
1881 1918
379 1923
439 1052
1364 1492
1222 1267
193 238
145 1397
376 394
537 589
1675 1700
486 1021
631 830
1801 1865
1174 1278
1237 1918
735 1534
9 703
760 1243
54 558
301 1329
300 1576
587 1602
891 1840
619 1326
321 1260
839 1031
1292 1657
1074 1361
897 1584
975 1772
1460 1469
478 1650
353 1780
789 1851
1789 1839
489 625
1260 1621
117 1950
522 1387
87 106
275 559
531 804
12 1026
479 1798
807 1627
214 568
1494 1999
299 1532
562 1289
1341 1350
509 1646
35 204
84 1902
23 1608
748 1226
792 1471
684 1631
1110 1233
934 1644
768 1044
63 689
675 1315
523 582
358 526
974 1663
527 743
862 1252
619 761
200 821
429 1012
452 1700
359 1938
1150 1331
305 1523
1680 1850
114 826
817 997
416 1011
1757 1971
858 1978
163 1071
760 1529
1183 1893
174 826
555 625
877 1580
1183 1852
98 1137
142 900
462 519
888 919
409 1340
276 1934
1415 1918
478 1736
1155 1346
708 1678
156 1307
2 57
271 722
1724 1882
489 1706
1445 1951
93 1465
1125 1892
353 1266
1220 1850
54 414
47 205
41 496
1006 1900
491 593
1256 1301
1537 1564
1564 1691
55 1469
400 417
277 947
1841 1847
900 1764
609 1484
871 1550
461 1032
449 1162
932 948
762 1450
562 1103
204 412
296 586
1381 1527
32 432
573 906
1168 1876
778 2000
1380 1541
910 1763
793 1241
1734 1959
260 2019
904 1753
39 1011
689 2030
682 1427
267 1462
347 1045
595 1698
266 1740
249 1079
429 1345
414 990
925 1968
590 942
273 520
121 1189
387 686
94 1648
563 739
423 1555
1549 1660
1360 2047
404 1341
485 2008
1202 1546
1050 1641
949 1487
725 1656
1051 1776
790 1788
877 1005
841 1009
402 1963
598 1799
1032 1368
1460 1781
848 1359
484 1204
321 329
597 1526
489 1007
156 1665
230 1307
553 1855
5 916
1658 1688
21 1970
558 798
10 478
221 1337
837 1605
519 1928
129 1884
143 479
1049 1763
786 1239
551 575
1018 1388
335 1115
590 1350
50 120
549 1083
952 1483
441 1216
149 1080
885 1423
176 840
867 1017
381 846
856 1407
276 1550
1051 1442
144 399
35 825
743 1986
193 1755
527 1301
595 1420
658 1373
59 449
41 1712
204 962
532 1972
435 1533
625 1106
1336 1483
135 209
760 1829
25 1670
775 1827
314 770
1499 1909
1570 1980
12 1956
233 939
533 1264
215 1527
910 1945
63 1335
69 609
165 908
12 444
1818 1832
989 1692
132 1338
124 901
1695 1979
238 392
522 2006
687 1552
1013 1039
757 1210
1326 1467
50 882
964 1265
161 1324
634 1382
673 841
1583 1805
657 1723
34 528
1087 1262
891 1463
1467 1696
1790 1909
96 2041
155 1727
56 747
749 1744
177 861
27 1282
364 1690
158 1369
338 1225
1061 1499
1051 1422
832 1106
209 992
304 535
443 640
415 1607
1508 1984
815 915
68 492
553 745
631 827
1929 1992
222 390
960 1744
1454 1870
100 872
24 867
1217 1255
324 412
1401 1694
1148 1800
538 1643
468 1913
412 1788
112 1953
48 1552
1611 1719
1008 1875
647 1599
100 2015
186 278
20 195
112 892
493 1209
640 721
278 1968
140 888
338 1456
219 737
221 1970
1147 1393
794 947
1557 1587
431 1304
1645 1903
338 1292
1454 1458
522 1241
721 1921
408 641
664 667
170 579
1128 1795
927 1812
508 1211
690 874
1478 1518
246 834
639 1265
1748 1840
920 1899
1571 1836
197 391
1341 1359
993 1596
54 1416
17 645
1206 1619
37 1242
538 577
348 497
508 1578
350 1373
1028 1990
336 1656
499 780
362 1114
902 1338
296 1547
58 1522
120 1779
424 1243
1231 1806
219 367
522 1588
455 1795
477 878
306 778
875 1800
956 1317
493 845
196 826
909 1537
485 1777
1874 2000
1754 1815
709 1276
313 1560
1022 1556
88 829
1477 1623
694 1011
421 1996
853 1486
156 290
385 1871
596 1822
1105 1369
396 484
252 301
696 1844
390 1925
51 1862
167 1960
936 981
44 1280
907 959
24 1793
1137 1874
831 1542
1733 2003
1123 1632
575 1937
1144 1227
552 1360
703 899
1565 1853
157 415
733 1016
204 1924
1315 1658
80 799
135 483
1625 1727
866 1363
1859 2003
578 1044
434 1389
138 1555
459 1473
1351 1470
858 1422
550 1406
445 1058
889 2033
1075 1617
779 870
389 631
66 681
762 872
51 1755
201 1736
292 854
869 1469
782 1087
771 1353
871 1451
195 1256
1468 1904
1817 1900
1644 1936
1256 1642
1402 1442
1302 1416
1562 1853
126 804
319 1766
565 1786
41 705
962 1279
700 906
540 742
788 975
1509 2029
867 1662
322 1567
457 1526
225 772
1035 1597
1365 1855
367 490
11 1595
430 1262
1224 1766
920 1014
1456 1548
284 332
214 1332
307 646
410 933
1087 1504
7 1302
949 1829
476 1852
1717 1963
121 329
1030 1713
212 891
408 1243
504 1857
1602 1907
174 1195
137 1608
949 994
642 800
1562 1890
435 1064
302 680
131 683
155 593
1451 1453
577 1617
1004 1797
237 1201
246 1255
105 641
273 368
1434 1889
570 1943
1326 1842
465 494
892 1374
442 1095
1069 1669
1007 1535
281 1156
820 1645
76 1987
985 1177
884 1070
283 1525
1554 1611
230 310
109 1900
1055 1742
1581 1688
934 1858
354 2010
421 1981
632 1362
198 283
1573 1936
513 1955
1598 1933
553 1742
129 1117
1035 1757
344 411
6 983
1128 1395
1188 1699
584 945
616 1356
192 477
108 1202
497 1190
84 116
657 1507
413 1501
1318 1644
968 1650
53 2038
741 1226
658 993
994 1575
84 1292
87 1248
1786 1845
53 1591
451 1123
262 1835
396 1576
166 272
287 1390
163 1692
4 1360
1570 1982
41 490
108 1380
60 405
388 799
827 1996
1252 1857
912 1385
836 1532
27 752
954 1570
27 296
917 1113
1373 1889
608 2020
843 2012
513 1607
309 939
1331 1758
947 1554
889 1622
172 1494
259 1842
161 1068
1473 1514
510 1571
1962 1977
634 1024
510 1818
174 833
512 1705
466 1078
707 1946
331 660
39 982
41 1874
1627 1939
1209 1885
1613 2018
612 1646
1355 1850
1178 1656
720 1476
169 1256
310 1513
118 1186
549 913
867 1260
42 1712
74 336
491 1594
1133 1155
832 1309
762 908
83 1087
1048 1730
628 1154
486 1539
889 1959
118 1824
213 477
36 100
357 453
610 686
494 1235
148 767
634 1123
197 1471
427 1001
331 1617
562 958
453 2009
262 427
688 1685
1109 1627
158 1799
881 1686
1445 1877
1148 1701
162 1242
4 1733
470 1387
950 2046
765 2002
1334 2031
1325 2047
1788 1909
766 1691
9 915
756 1442
214 1990
575 1205
104 1777
1553 1773
679 1052
1115 1897
278 518
926 1691
70 1097
291 1112
88 1314
122 612
1179 1575
280 358
214 674
430 747
803 1928
1342 1911
383 516
278 1995
814 1016
615 1832
1502 2047
325 800
1077 1744
1155 1291
1429 1539
495 559
174 1793
336 1903
528 1236
339 1847
630 1219
1271 1379
895 1383
606 1166
511 576
1186 1228
537 1409
425 1588
10 1508
219 1276
805 1427
1149 1161
124 1974
715 1248
445 789
1071 1736
713 836
768 1991
944 1210
302 1153
1181 1805
324 1623
340 783
30 169
1238 1816
729 1286
1254 1565
261 792
553 1609
326 1093
640 971
1213 1895
351 482
573 1134
740 818
421 1448
1422 1809
684 1256
685 1120
202 1780
928 1772
290 1945
1675 1735
856 1893
621 746
279 1980
1691 1974
587 1512
411 1830
76 313
1447 1624
224 1725
77 147
1621 1698
1275 1459
30 890
221 374
1281 1344
744 1851
311 1267
703 1365
707 2008
614 1332
82 1009
798 1104
367 1042
1084 1378
327 1026
505 2039
1424 1522
1106 1638
488 1555
61 371
959 1315
643 1329
1376 1670
1109 1657
180 1084
915 1707
659 1685
588 864
778 1890
170 1126
176 207
434 1064
367 1251
590 1249
219 365
342 1762
197 1191
1167 1728
204 1735
1352 1394
622 1352
872 1888
803 1559
867 2029
1346 1858
975 1053
467 877
225 1692
386 1631
360 1701
1691 1763
126 1042
814 1856
1139 1832
254 765
186 1844
809 1196
66 241
897 1938
410 1020
216 1053
1076 1182
197 234
580 1408
106 450
143 725
147 982
425 1865
7 1560
77 763
13 1916
144 1415
601 1229
1440 1974
1470 1511
1267 1735
535 1011
601 1524
364 875
1377 1525
84 1633
1213 1440
910 1191
8 1889
523 1534
6 1697
1566 1634
438 1600
1370 1988
821 1922
283 362
271 754
1067 1824
1819 2000
32 1660
400 454
528 1909
1061 1542
1156 1349
51 1486
144 1748
192 592
1057 1982
782 1257
821 1827
70 472
1483 1708
406 1438
28 1420
86 627
221 1838
532 1197
136 626
448 1765
403 443
601 651
515 610
637 730
288 439
531 1888
274 1471
202 1341
508 793
896 1385
1067 1518
558 1707
398 422
558 1822
865 1345
35 955
787 1382
1269 2019
29 322
1483 1971
30 566
1441 2012
1194 2039
904 1885
0 816
1038 1995
414 1190
524 648
1405 1886
1070 1513
77 1660
637 984
543 1555
384 912
66 1781
871 1542
1033 1855
1113 1307
354 1898
130 1254
495 1658
88 1135
178 1697
199 838
59 1663
501 1559
717 1874
1657 1950
338 1285
92 1771
783 1733
694 1427
869 1730
1761 1784
958 1406
88 1033
594 779
452 1162
127 1112
647 1187
71 886
730 1595
1528 1763
578 1012
1537 1687
67 225
43 1882
1861 1901
561 798
952 1300
142 208
382 772
567 1625
343 900
358 701
159 964
178 214
1457 1543
967 1546
711 825
69 1919
206 1462
719 1506
778 1099
1411 1665
1253 2032
551 1294
511 652
103 1410
1240 1435
1077 1737
626 756
1285 1557
940 1782
112 385
572 1154
1626 1977
5 755
525 1471
447 1569
1308 1618
1224 1888
1105 1491
163 750
10 831
273 1327
515 1827
0 208
668 742
187 459
835 880
447 2008
1444 2020
252 1829
607 629
490 908
30 1878
876 1628
308 1961
152 664
119 1356
252 1575
974 997
1160 1829
484 869
600 1726
1140 1767
621 1053
971 1272
1132 1587
308 431
169 366
178 196
220 1221
578 1436
35 1778
791 984
428 1932
1564 1922
1304 1971
104 151
298 1476
531 952
1088 1796
301 1590
502 1311
121 1942
1058 1870
790 800
346 1846
686 1463
227 1083
635 1183
386 1921
1017 1281
205 1145
1290 1401
350 549
674 1021
444 1283
1071 1392
1927 1952
463 635
739 1899
1423 1682
116 317
1024 1585
1571 1892
697 980
78 1845
425 987
691 985
83 564
930 1609
1712 1790
170 1564
330 1827
403 1092
313 1636
429 571
297 1513
1760 1960
1576 1898
290 857
663 2033
622 1371
1485 2045
1227 1331
928 1197
72 463
487 1920
261 1032
1577 1580
452 1412
983 1339
967 1484
508 699
414 478
215 869
159 1295
1288 1965
431 2012
911 1650
880 1306
1841 1917
745 1318
680 1139
56 1063
76 1903
1868 1969
1298 1820
1116 1738
94 167
804 1130
793 1862
52 1046
57 1128
163 1399
587 1207
419 1705
14 1592
226 1550
294 914
560 1124
603 1228
255 747
65 1247
145 1086
480 1000
1173 1638
1367 1470
244 1626
201 1209
108 2033
411 1938
1238 1975
834 1901
961 1586
268 1388
865 1461
450 694
1464 1997
898 1316
386 1585
734 1289
354 1694
591 813
1280 1688
87 254
1299 1677
721 760
991 1011
638 756
1276 1537
17 667
627 1333
268 1425
184 1564
139 1761
582 1134
894 1455
1119 1782
62 1325
254 1806
564 1927
156 1787
76 1687
861 1350
517 1567
1422 1698
974 1655
1024 1836
507 1365
569 1701
291 1048
248 1128
488 1948
1057 1492
198 975
1105 1743
766 1457
366 1893
255 775
450 1891
1873 1938
179 1683
726 1674
495 812
32 749
854 1054
119 1304
759 1251
503 1179
243 365
1149 1159
758 920
262 302
752 1844
99 1457
1153 1808
1841 1897
361 481
482 1004
1046 1068
479 1108
1627 1784
39 1515
1579 1751
1034 1176
924 1853
1354 1397
564 1659
530 1665
1821 1870
1555 1580
304 1170
225 645
112 1097
84 1651
72 294
257 1346
999 1968
668 1099
381 1868
1223 2036
625 1405
639 1304
741 1316
351 1040
38 1243
1077 1985
498 1909
235 483
99 179
408 1739
1255 1613
1783 1913
404 1019
1122 1879
9 1158
441 1757
697 1773
512 1531
165 250
93 1367
631 1136
953 1420
932 1963
654 684
155 1208
1097 1476
159 1051
775 1524
344 1561
98 1485
848 1187
123 1617
187 902
1 62
165 1061
259 1416
208 984
363 592
118 1092
357 1204
1142 1669
1903 1991
995 1302
222 1620
603 2036
336 1027
1653 1688
621 1219
15 1489
811 1174
763 805
232 453
511 875
389 1844
895 1326
162 1722
1619 1642
1787 1977
22 1888
354 1763
293 1253
52 1374
458 1046
1264 1275
1272 1450
367 709
1250 1514
69 1453
60 1860
293 1123
635 773
985 1244
1464 1681
955 1436
1230 1569
1437 1608
112 1977
242 1448
482 1921
1499 1988
155 495
335 1796
343 1684
179 2021
825 1045
1223 1655
4 1943
141 1321
360 1125
29 506
533 587
223 1066
1633 1767
1200 1603
645 1557
141 291
370 1997
1065 1819
639 679
63 284
202 421
575 1554
1238 1967
309 1723
317 765
1289 1822
1702 1997
125 765
339 1100
1829 1873
338 750
1317 1789
64 1885
604 1762
1069 1290
81 387
1244 1412
1130 1196
307 1150
203 826
128 909
1114 1708
333 1756
1233 2040
127 1228
1844 1869
435 1891
249 952
1639 2012
63 1461
518 1257
532 1970
1140 1486
597 1265
935 1631
1341 1428
225 1339
401 1527
131 1531
1111 1388
487 663
1168 2025
261 1203
1179 1421
1387 1686
421 1293
1004 1782
323 1964
1144 1325
47 2035
400 1214
607 1889
69 562
140 1024
1134 2034
1216 1326
1040 1949
445 1737
142 1753
482 1415
1254 1583
775 1184
800 1858
190 942
405 1454
854 1502
909 1660
379 872
1554 1896
1153 1364
4 1620
247 1791
200 1936
383 1308
175 1172
785 1753
1286 1974
759 1655
448 472
1762 1835
80 1819
128 200
105 542
445 1740
566 1044
1613 1672
1320 1940
1644 1948
118 1197
1209 1415
259 1060
154 1422
511 1148
856 1044
105 848
57 263
571 1066
1037 1325
348 829
669 882
627 1690
202 704
1617 1857
1074 1499
464 959
1239 1321
213 404
1 510
925 1034
961 1349
1451 1687
1267 1397
281 867
482 1151
693 1708
245 625
1011 1824
1316 1757
548 1545
606 1764
141 772
340 521
262 368
529 1797
1607 1811
283 1102
1416 1615
5 1303
1190 1763
115 717
302 1645
358 679
1470 1780
273 451
217 789
343 879
56 61
815 1976
76 782
836 2024
607 733
317 1816
63 445
216 1917
121 1932
131 462
990 1287
582 1100
870 1076
293 1528
747 1641
690 2006
690 801
1038 1633
1592 1986
549 972
1328 1410
792 2038
584 1535
702 856
116 522
854 1826
401 1980
809 1747
297 1356
28 492
124 791
507 1313
236 1244
320 471
191 1910
250 1577
838 1230
1023 1100
188 1772
1275 1631
951 1996
1120 1350
1282 2027
397 1375
18 1869
1548 1611
1561 2003
73 824
156 1632
930 1639
193 1368
299 1400
237 1085
1077 1746
1336 1882
426 1151
1471 2021
1 471
1255 1950
557 1215
1289 1975
40 107
572 1932
1573 1621
363 581
1026 1637
1933 2015
45 1974
453 760
702 1431
200 1466
792 1722
1139 1805
858 1145
42 251
637 1684
358 960
413 1419
158 1281
1075 1807
1426 1555
529 1482
1032 1456
750 1305
189 697
326 1619
433 1007
234 1324
915 1177
423 557
101 1313
272 1899
0 472
1734 1855
782 1954
194 1931
253 726
947 1813
387 849
98 1759
1666 1997
1167 1211
699 1752
51 1924
657 1949
1372 1502
496 1048
230 1992
1033 1075
1113 1851
1387 1504
779 1950
1562 1732
94 348
195 566
335 1986
833 1695
486 1929
317 2013
1685 1905
404 1630
1134 1360
1248 1840
1328 1959
204 918
1291 1974
403 678
1856 2036
1429 1938
649 1454
1189 1585
98 864
207 1773
1558 1581
142 631
211 1888
81 293
406 700
997 1991
57 1269
1040 1665
441 1071
788 1166
1297 1799
191 1489
41 1568
886 898
726 1095
582 1328
33 1250
600 2036
405 765
1205 1942
331 2027
383 1304
915 1561
962 1794
616 760
547 987
569 1839
1014 2023
537 1161
139 1636
546 1763
1671 1809
1165 1356
215 864
447 969
139 982
1459 1936
657 1664
208 2008
436 1337
966 1819
327 1715
887 2010
210 1389
407 1313
680 1195
1690 1802
544 850
119 467
947 1754
679 1539
1133 1681
97 504
1277 2020
1365 1854
534 1841
1003 2036
862 1778
191 1251
39 242
210 641
312 913
1902 1937
1363 1705
576 814
17 315
184 1586
765 1774
46 1639
602 1565
437 697
558 665
1888 2001
178 1838
951 1859
966 1828
955 1957
545 1597
299 380
503 1916
873 1860
575 1506
1354 1959
175 1299
454 1161
651 1610
338 1755
581 1074
319 1604
1232 1634
1524 1541
433 812
254 1884
991 1960
210 1663
114 1928
243 733
556 1046
1528 1899
8 628
706 1008
752 1367
387 1682
17 1224
1185 1387
22 103
1017 1790
286 1355
197 1530
654 886
1990 1992
1695 2003
457 1581
358 2026
386 1741
191 1701
825 1799
195 438
1436 1896
1015 1712
52 328
30 1881
1236 1981
253 1605
154 905
952 1128
708 1215
261 1093
1604 1734
220 774
972 1870
700 702
89 1421
596 1559
547 1979
1338 1449
1067 1114
1440 1771
1082 1636
271 1231
771 1995
170 1297
54 190
44 1114
333 1948
406 411
932 1179
658 1377
110 1090
515 1355
945 1563
1221 1400
1024 1493
52 920
448 1096
1078 1338
1366 1701
1710 2011
574 1453
224 967
1468 1559
470 1012
473 1646
897 1102
139 1326
621 1986
960 1287
793 1300
552 1237
818 1145
1376 1519
433 1781
709 1661
122 184
628 1412
687 990
1052 1876
521 2016
208 940
113 1855
721 903
663 1904
184 1285
143 280
146 1816
190 347
748 1134
448 1181
1354 1997
917 1775
206 1413
871 1816
457 2001
177 195
213 853
843 1373
925 1281
995 1204
1175 2024
828 1344
1635 1898
496 1910
322 627
106 1230
133 813
639 2006
1080 1086
819 1704
117 1230
209 571
1268 1747
627 1890
715 1046
1337 1705
422 1117
1343 1520
0 1702
658 1954
55 1498
398 1812
591 919
230 2029
1119 1258
1941 2013
935 1424
382 909
96 1806
178 270
1608 1655
49 126
672 1469
409 433
776 1115
1258 1911
578 1122
319 1465
1377 1668
300 1212
307 361
324 738
1424 1671
445 1532
914 1630
1225 1976
806 1773
128 255
151 896
684 1588
1108 1660
1660 1722
677 1499
106 1674
1410 1905
1288 1407
1020 1189
138 1303
8 1071
98 568
1187 1789
280 1680
149 393
1397 1820
1565 2037
37 1034
1250 1528
190 693
1362 1678
416 1273
3 204
288 945
263 628
383 896
413 883
54 674
757 1208
971 1071
815 1312
134 1452
59 67
1045 1102
250 656
405 1857
1050 1701
19 541
1596 1804
1198 1474
613 705
125 402
210 1726
518 1922
170 1482
859 1853
1407 1940
503 1158
885 1954
1432 1712
1203 1964
64 139
484 521
933 1555
785 1255
501 1723
1359 1364
685 1586
734 1820
7 238
82 1327
1059 1332
459 660
1211 1329
652 817
498 1906
1162 1760
416 1655
559 1762
938 1727
275 1130
387 1805
1108 1423
108 1829
1743 1917
36 719
1125 1161
2 1787
1396 1670
2 250
522 1848
168 744
388 1693
176 2029
234 1610
382 1327
683 1985
384 511
105 1646
865 1717
450 1477
1203 1433
726 1538
165 1987
1313 1469
978 1354
606 1982
1313 1628
553 1562
720 995
1069 1394
1231 1586
112 1951
105 699
48 1755
389 928
1150 1209
76 1080
1041 1591
1466 1786
1100 1973
874 1286
746 799
822 1154
1403 1991
6 975
153 1139
593 1203
1063 1385
104 1565
1327 2012
39 1668
372 1664
560 1218
457 1144
944 1002
230 1348
214 397
469 1473
1214 1328
37 1322
886 1310
1226 1517
129 237
87 1307
471 1964
1471 1879
87 377
26 1031
518 619
1412 1476
1422 1776
498 1414
539 1935
1401 1803
196 879
1012 1093
1601 1676
13 1061
1308 1326
41 1612
523 1031
967 1519
825 932
180 1826
1515 1594
476 1706
240 613
1442 1950
723 1256
616 1649
124 1405
470 633
1534 1673
860 1234
1565 2010
917 1479
1380 1770
44 293
1020 1931
28 721
721 1489
1238 1406
1593 1665
1155 1758
954 1770
296 1178
911 1844
1910 1976
1169 1381
42 1579
268 552
1908 2026
1478 1981
556 1705
1284 1898
1132 1295
556 1496
90 2020
59 761
16 784
732 1733
190 1504
44 1266
18 1139
1613 1787
1047 1498
1151 1603
858 1181
130 638
983 1344
635 1862
546 872
106 1272
279 1451
74 672
82 1713
1463 2021
1686 1714
7 255
1067 1431
884 1121
141 1848
967 1583
186 639
427 589
679 1234
1660 1873
1855 1945
1139 1423
1055 1874
1232 1759
407 1501
944 1696
337 594
1697 2003
135 457
235 1739
653 1251
1065 1220
1416 1784
1000 1965
151 1487
553 1812
75 1962
382 1005
241 1864
236 1661
210 773
850 1919
1344 1702
1159 1735
679 1043
777 1042
1259 2047
1658 1719
1648 1915
222 774
573 849
1145 1921
487 1053
117 839
494 1070
1227 1492
274 1414
805 1537
722 1904
1093 1161
1140 1816
1091 1915
1307 1944
559 1471
562 922
487 1542
98 293
1058 1378
535 1045
1589 1863
1238 1368
1641 1729
1234 1326
1154 1860
1336 1964
1365 2032
142 933
19 425
56 1559
259 841
1447 1525
22 1463
1639 1725
1366 1972
61 932
3 159
46 320
1212 2015
887 1345
245 1473
1032 1340
486 905
231 1239
861 1493
1101 1655
158 1461
1002 1967
373 1549
1677 1890
925 1487
628 1271
357 1472
502 958
826 2013
261 561
135 964
111 1055
721 1221
161 596
1403 1575
358 1459
1023 1652
1008 1077
478 1635
588 1606
385 1621
764 1017
136 1318
1572 1678
415 1573
780 973
1123 1237
473 1611
746 945
33 1457
681 2019
1137 1232
662 724
420 983
1852 2039
1063 1191
431 920
1069 1385
239 1836
1308 1936
223 1720
1381 1675
72 676
292 1316
98 1614
279 665
837 1112
188 556
1436 1966
116 1438
144 1969
290 1330
868 1926
626 1244
1195 1653
871 1439
1086 1326
612 1563
1243 1634
91 2029
1667 1872
298 1753
984 1441
431 1807
1277 1548
1280 2018
1453 1868
248 749
527 1736
1490 1858
1357 1734
291 1386
663 1044
1041 1763
440 1754
753 1590
626 655
1297 1359
1392 2020
52 1136
1067 1595
305 1486
251 982
24 1951
41 1239
1053 1178
1046 1056
398 436
122 1521
356 1381
271 893
1595 1961
842 1840
405 1995
827 1911
363 1635
331 1674
1167 1907
555 1638
1122 1754
734 1176
1814 1836
452 848
841 1152
666 1656
509 1485
384 1452
673 692
1339 1712
48 785
751 1511
144 678
622 1253
1254 1387
676 940
917 1854
1075 1283
48 1529
993 1552
145 212
1244 1448
2 922
1109 1440
1033 2039
60 185
1053 1738
1563 1667
965 1442
1492 1823
1499 1893
941 1555
646 1799
363 1425
1158 1565
664 1790
529 1922
485 1716
741 1939
1630 1856
643 1332
620 1396
294 1475
1961 2042
725 1278
203 1022
1020 1614
1133 1638
115 1765
274 1173
1376 1472
857 1300
1047 1545
348 2018
616 2004
522 1001
1560 2001
497 706
223 725
384 2027
257 1454
1698 1731
337 1462
963 1452
323 1587
441 1920
619 2030
202 538
260 1864
704 888
1445 1497
443 491
8 2041
89 793
1594 1918
809 2008
492 1472
877 1859
819 1297
1041 1403
266 738
1137 1394
58 1837
860 989
368 1708
46 1823
181 1222
1050 1717
1513 1618
1079 1445
1607 1886
1168 1213
973 1326
72 1659
708 1985
108 1241
1763 1858
34 1242
1415 1913
1317 1691
75 1659
1018 1973
1742 1900
1522 1830
369 978
282 1560
362 1582
565 1138
861 1482
543 1890
669 1237
1330 1721
45 424
946 1073
377 734
1473 1669
191 300
498 1755
766 1168
1233 1312
1470 1721
410 1737
154 1335
637 1029
106 624
223 1390
315 433
902 1160
50 691
549 1265
146 767
1433 1847
393 1423
1000 1475
957 1713
20 1113
984 1812
305 1284
250 1229
209 1772
1209 1243
1651 1901
109 1357
28 2018
1307 1790
1118 1978
72 1987
613 1043
850 1969
1207 1923
272 1077
412 1814
309 870
1497 1902
763 1974
1349 1538
1929 1959
1041 1959
799 1255
518 1691
357 973
1313 1522
873 1373
687 1457
1017 1685
26 1304
660 1829
680 888
811 1229
1133 1574
359 1781
451 2020
636 1778
270 688
993 1770
474 1701
480 710
1559 1936
150 436
1660 1825
262 633
386 1961
518 1061
65 1719
624 852
1472 1745
1225 1262
814 909
137 1453
1476 1727
1028 1665
1414 2034
590 599
1875 2032
199 658
1106 1825
431 535
739 862
83 978
201 528
109 1109
951 1532
129 1452
315 1740
195 1048
1550 1898
988 1788
199 1091
665 1882
1032 1425
676 1901
1307 1507
968 1930
1936 1982
1605 1729
261 1669
1748 1870
371 801
992 1420
721 881
703 1623
627 918
363 1642
532 1720
1673 1894
915 1175
403 1193
1310 1984
130 1970
90 1182
763 1448
1018 1947
1325 1779
1566 1687
679 1716
103 543
769 1444
247 1974
883 1781
367 1800
595 1528
172 215
607 1379
1296 1659
1003 1280
72 1513
215 1152
707 1896
953 1591
983 1379
1115 1898
1213 1620
1830 1846
7 871
366 1190
85 651
6 858
814 1498
262 742
1145 1278
1107 1995
62 976
254 1449
1438 1914
598 1147
967 1120
160 1038
977 1844
366 1249
530 1955
279 1568
1642 1912
712 1037
348 1609
1541 1828
1109 1507
333 1396
1394 1978
996 1233
116 461
569 915
363 963
1061 1811
1324 1342
1280 1996
880 1696
893 1439
963 1999
296 1678
766 2009
284 367
810 1442
703 1169
1365 1511
667 1461
31 1749
722 1773
1235 1390
110 330
1572 1936
203 949
217 1431
179 676
106 1628
1914 1927
1165 1223
318 473
38 687
746 1378
715 976
165 984
1010 1630
1293 1343
1077 1261
40 71
359 2003
516 618
1296 1758
1236 1885
210 1503
929 1819
847 1349
672 1114
613 1836
1243 1875
1378 1958
112 406
421 1679
11 1196
376 1620
331 2017
243 1157
781 2024
214 1928
165 1754
685 902
958 1756
1658 1714
689 1668
800 1219
434 1058
1382 1923
1152 1665
798 1768
547 1910
523 631
21 918
698 1558
1415 1801
725 1835
1322 1414
1387 1967
401 1193
438 498
1368 1708
1143 1271
1433 1824
558 681
333 1653
383 1662
1719 1889
423 966
604 1812
292 1420
971 1159
56 806
229 666
1419 1534
939 1366
385 519
404 1340
1062 1813
986 1051
1225 1896
149 1566
923 1106
33 968
663 808
1130 2017
139 1015
654 1669
1137 1216
1107 1535
795 997
292 1408
1290 1691
1487 1743
1886 1993
1229 1239
1644 2042
501 1272
766 1406
461 1118
934 1012
344 587
108 1438
126 524
677 1782
1545 1638
42 1729
509 1157
746 1701
321 1538
926 1553
1136 1602
1028 1375
584 806
661 1207
853 1812
1031 1279
1892 1934
19 1196
723 1641
1137 1940
323 1280
784 2018
712 1228
1747 1977
1290 1891
812 1298
568 1101
1335 1449
1133 1393
260 1044
355 2032
459 858
831 1018
238 952
1141 1856
30 1388
412 1244
233 651
1109 1650
1857 2003
680 1422
1424 1575
301 1840
1191 1551
34 108
246 673
90 855
528 889
271 450
1973 2012
537 1332
0 1089
1924 2024
98 1023
469 1485
242 1156
1450 1609
939 1741
454 1778
543 1728
1081 1604
1274 1658
466 648
852 1318
737 1026
388 626
514 1978
26 1174
990 1679
1695 1828
1386 1721
941 1523
16 927
633 1286
603 796
974 2014
803 1954
917 1568
1364 1870
21 1302
266 663
1981 2024
1100 1236
591 1570
48 1660
754 1645
1212 1603
845 1730
1473 1586
80 335
8 179
19 1805
244 799
229 1892
405 1886
1381 1840
184 1342
828 1703
584 1039
377 2007
912 1861
250 593
667 1769
1114 1189
396 1821
589 938
1523 1845
773 1220
606 1474
528 1047
1860 1889
1264 1355
67 652
1694 1794
1192 1789
1175 1762
810 1961
919 1218
957 1954
1311 1323
1665 1921
1365 1949
1368 1532
820 883
460 1544
1751 2036
23 665
55 407
115 1216
730 1220
1316 1822
105 1781
245 1987
949 1023
823 1357
918 1603
525 1486
275 1132
1705 1835
687 1948
957 1687
1556 1752
616 732
159 1220
890 1644
1651 1817
295 836
203 1335
1610 1958
410 1780
163 1494
293 640
742 1569
545 847
1740 1960
1730 1952
1157 1285
903 1171
305 598
903 1098
388 1033
167 220
166 1060
12 1025
703 2027
1859 1987
229 558
242 1588
250 1368
1352 1461
1624 1981
977 1564
722 1440
1100 1239
1056 1932
675 1630
578 1571
222 1847
1217 1582
932 1455
1863 1873
643 659
99 1738
813 1200
274 1528
395 1467
246 656
434 1319
170 1335
511 1439
1551 1621
402 586
216 395
1272 1427
14 914
564 1527
1030 1374
362 1101
1156 1825
1639 1841
1409 1896
481 1261
90 351
1448 1757
300 375
280 478
327 791
1248 1769
131 953
1403 1856
1312 1578
216 883
887 1061
322 788
87 1802
1100 1721
512 1713
1187 1578
851 2038
1263 1537
1569 1926
414 1234
1425 2025
812 1465
1279 1654
1477 1899
939 1567
509 1150
160 1230
1368 1599
1105 1967
279 543
290 1354
896 1955
162 758
525 1568
52 1334
1120 1160
115 972
1644 1823
1722 1863
945 1849
925 1827
1130 1730
1218 1550
1769 2036
681 962
417 639
379 958
37 1268
385 1838
568 1629
133 675
518 1668
196 947
12 1625
745 1847
515 1322
460 815
984 1376
667 1290
43 1690
320 2040
715 1716
693 1281
855 1559
18 1591
1067 1388
309 605
704 1906
441 1122
61 1519
1383 1625
973 1130
145 637
605 1646
558 1161
17 123
1545 1908
851 1523
201 569
417 2011
312 1725
911 1850
196 1665
1365 1560
1359 1466
1424 1715
458 595
1270 1392
797 1847
473 1996
1622 1637
466 870
811 1689
1613 1884
1280 1944
323 1027
868 1581
785 1749
74 216
793 1485
1587 1746
454 973
622 1401
69 1029
36 472
218 973
209 1068
54 59
289 1276
570 904
785 1063
152 975
223 1935
387 596
116 1257
1282 1489
93 990
772 997
198 919
820 1636
640 1996
220 1472
1572 1944
244 580
711 1157
998 1393
815 2022
17 1347
480 657
1258 1520
763 1474
1271 1989
1338 1927
173 570
758 1214
117 484
648 1798
231 985
511 1191
544 1566
1251 1903
294 1371
691 1998
195 400
458 1431
469 1478
817 1210
62 1099
1519 1917
63 137
646 689
187 1453
1749 2035
1076 1365
2008 2019
892 1156
1100 1887
337 397
836 968
1427 1955
96 291
413 1275
605 721
582 1091
254 1559
1077 1323
635 687
1352 1957
288 1411
378 638
1490 1682
459 485
1211 1580
776 1342
863 945
82 973
779 1060
339 991
351 1653
1158 2032
407 1491
723 812
1466 1919
844 1881
547 1708
403 1440
397 1470
492 674
696 1099
143 799
780 1585
1020 1105
1183 1447
678 1500
1486 1764
817 881
375 1839
490 1105
761 1766
741 1306
502 752
1319 1703
305 1015
376 1403
1308 1737
596 1911
86 1931
1211 1244
226 1968
29 1632
910 1773
1491 1824
218 1818
694 806
93 1803
606 1544
1169 1943
497 1121
396 2033
965 1817
1402 1416
273 777
720 1081
913 1237
357 1316
390 604
1114 1231
697 1258
211 319
447 1594
1077 2029
1092 1828
326 356
730 1499
1207 1926
1211 1845
1333 1868
568 2007
106 1487
147 1543
581 1242
680 760
328 1249
556 1941
688 797
74 1791
145 1623
279 1250
986 1354
361 1372
289 1478
892 1641
1744 1867
1454 1664
1708 1739
203 480
393 1949
37 1340
852 2025
585 674
389 1039
977 1923
51 1335
336 1424
327 1155
1024 1082
307 1791
760 1447
829 1634
1149 1997
94 885
912 1584
951 1686
1218 1569
100 1625
705 1980
153 1700
501 921
290 1400
941 1800
175 1283
459 1433
830 1821
96 1639
567 1826
1269 1642
233 1639
899 1704
443 1140
915 1670
