4096
3272 3376
2735 3953
400 3895
3710 3961
739 3263
3681 3957
1378 2706
710 3163
1526 2988
1740 3367
2399 3366
256 3171
607 2491
1392 1624
2213 2794
617 1076
2722 2919
2825 3341
586 1449
1074 1976
1921 2270
2758 3219
1227 3307
132 242
203 1731
2191 3204
1907 4076
1100 1106
593 2058
2045 3941
3035 3483
80 1897
323 3121
1124 2294
1421 2380
2159 3816
667 970
164 1840
433 1792
1707 2070
1956 3976
1549 1759
3262 3317
1154 1678
953 2500
1672 3874
2818 3416
376 667
2091 2883
1360 3491
390 2488
1534 2869
1795 4039
67 2568
2348 3987
861 2762
216 3922
2232 2454
1582 4094
2183 2904
2902 4084
218 732
1351 3131
679 3895
365 4011
1377 1734
271 376
1606 1793
1814 2127
1894 2698
1995 3582
488 3944
282 1134
2165 2460
759 3530
2052 2993
187 748
2754 3552
2371 3522
3166 3241
1978 2441
2075 2099
596 1149
141 2408
1584 2915
231 1737
416 1262
2685 3507
1775 2999
898 1080
2322 3055
2429 3160
783 2389
6 2293
1625 2019
1800 3229
114 3853
3178 3423
1094 2499
3525 3928
2552 2766
725 3247
3150 3721
1596 2097
1684 2446
461 991
1855 3852
175 3315
68 1506
1252 4079
870 2292
770 915
1120 1433
2165 2463
429 1757
1364 1721
611 2486
322 1569
302 982
314 810
216 3896
3400 3456
911 2862
1299 2857
1959 3731
2384 4032
1740 2570
2223 2647
1716 3460
254 2451
358 2442
76 262
2684 3180
90 1637
3142 4000
957 1126
3584 3944
2069 2268
1761 1814
2682 3262
435 2110
1889 3704
957 1834
312 3025
43 878
2471 2885
2459 3849
1298 1575
3321 3840
448 676
2879 3227
579 3762
988 1091
1223 2600
1584 3105
1274 1700
3051 3614
1074 3873
1294 2200
400 2378
778 1444
3108 3335
2109 4048
110 2249
1732 2617
1535 2173
2295 3563
762 3803
2927 3110
188 2550
3054 3878
905 1934
1648 2254
219 4025
1216 1448
439 1661
2025 3124
3312 3963
2985 3043
179 626
1000 1243
254 3570
2018 3406
1270 2491
538 3069
441 534
382 2720
824 3247
1072 2715
249 2067
2308 2929
2871 3239
1832 3491
2940 3518
586 1442
1503 3231
2543 3965
1855 3385
1366 1529
517 2065
746 3230
2368 2485
3684 3687
738 2493
349 2266
3320 3477
2910 4029
2908 3885
205 1130
1691 3131
1068 2199
258 289
405 3161
2171 3624
787 864
717 1306
2300 3147
1230 2061
2388 2543
698 3779
367 4075
1024 1470
2434 3262
1928 3909
1209 1684
683 3392
128 1120
2280 3505
2376 3970
1234 1297
2566 2943
1646 2280
1125 2056
3364 3574
2912 3440
2664 3451
800 3118
1397 2809
558 3717
1678 4065
573 2456
2875 3862
659 894
937 3194
165 2911
413 1151
2391 3208
1504 3889
159 3524
1879 2797
200 1829
980 2694
821 3992
2660 2722
645 2954
2351 2773
1667 3468
97 1549
1405 3098
319 3384
476 3661
2977 3552
713 1940
2 1466
2686 2804
511 516
72 1097
2613 3406
550 1793
1343 3063
107 2377
1536 3162
1979 4043
1199 1645
297 1982
521 1594
159 2865
1644 3398
334 580
1323 2028
1759 2951
134 2275
2516 2905
369 2699
1142 1599
382 1325
2748 3470
2856 3538
507 3538
991 3691
66 4031
1898 3106
1407 2663
1390 3849
397 2928
871 1772
1304 1621
1397 3915
450 2108
578 723
669 3273
707 3339
763 3345
641 2500
1482 1543
1566 2165
16 1906
2539 3309
341 3873
1227 1832
1353 1906
366 3798
1717 2115
2808 4051
2140 2979
2526 2790
1992 2822
2507 3443
1344 4041
476 1864
239 2622
601 1941
3063 4002
411 2544
2717 3272
462 1081
2458 3709
116 522
1181 1629
2275 3530
662 2886
1850 3403
405 584
2770 3188
245 1340
211 3298
710 1126
886 3341
1142 1707
154 1775
1287 3526
50 1184
2992 3907
1284 3462
784 3044
1414 2164
811 4011
85 881
484 586
1779 3411
1719 3607
2293 3432
463 2305
884 3452
80 1694
2257 3668
935 3757
2360 3783
3305 4049
499 1305
506 1271
1879 1953
68 93
1295 1500
1941 3045
2529 3968
812 2748
1835 3789
679 734
1245 2545
596 763
721 3635
2275 3018
279 1631
2799 3111
1038 3035
378 3408
2198 2659
1205 2679
901 2266
210 3808
446 3675
1969 4044
1103 2546
18 3557
2045 2945
620 2301
555 2456
1545 3116
1393 3235
2457 3201
972 3624
350 3682
2329 2686
952 1131
176 1477
646 1012
197 469
2467 2472
289 1221
3459 3718
1471 1567
1038 1241
360 2712
1802 2450
279 2691
1398 1556
1471 3766
1454 2690
643 675
1459 4093
2313 3883
1271 1762
1522 2390
1555 3337
516 1179
1107 3031
1090 2806
511 3889
3384 4041
1219 2588
1242 1546
1234 1549
941 1996
928 2107
1802 2901
3065 3165
1378 2761
1046 4015
1464 3328
297 3162
771 1046
2519 2651
738 3771
1328 2754
2009 3057
187 255
2201 2203
1438 3441
1383 1422
3475 3781
967 3107
2703 3051
46 3341
2139 3152
1931 4026
3377 3696
2110 3449
204 1091
1254 1638
2340 2514
386 584
1327 2356
513 2495
3430 3872
1650 3422
1032 3582
3612 4062
2353 3808
951 3004
3552 3948
1997 2639
2037 2919
1160 2387
1895 2499
1626 3316
426 3322
2280 3517
1576 3397
1439 1745
693 2799
1527 3705
1045 3721
1149 2636
2898 3049
21 2715
2723 3184
297 729
1280 3449
1826 2220
1114 3174
305 1120
668 2329
2696 4050
2031 2760
2138 2911
78 3221
1096 2626
800 925
637 1548
1286 2385
60 1468
2104 2337
295 1452
1738 2952
2338 2376
3213 3820
1676 2587
1003 1997
1106 3432
517 756
956 3544
1066 2844
1516 3468
2264 2777
3017 3268
2373 3397
561 1168
1527 3917
2110 2250
782 2487
2431 3707
388 664
2995 3992
93 3737
341 1324
131 633
272 2934
27 2130
1933 3510
1194 2297
466 3407
1544 3855
598 1479
1572 1689
1441 3407
1822 3023
1400 3039
1275 1418
1735 2896
1827 2802
845 3675
273 3647
1525 2174
1766 2062
2432 3979
676 3259
925 3971
1379 2339
2283 2406
53 1096
1396 1560
3534 3745
3565 4045
290 647
200 1033
1397 3747
1180 1388
2560 3699
1697 2890
1683 3550
383 1409
1131 2954
993 3076
606 1433
64 2426
2261 3979
1800 2730
1231 2907
4 2819
575 3720
3490 3820
2694 2987
1929 3424
1621 1943
275 4078
3295 3857
2106 3661
1574 2867
2446 3691
1845 2677
2234 3813
60 174
2464 4036
1157 2318
830 1576
3460 3513
281 445
1600 1753
2429 3116
1934 3774
653 1059
792 4002
985 2298
2670 3399
468 3511
30 1743
520 1837
2628 2674
229 348
1667 3855
131 2013
500 1674
2138 3298
294 2421
1865 2260
187 1646
2110 3838
2947 3231
3011 3769
1119 2124
841 3733
1155 1735
1479 2140
356 1436
1637 2127
2139 2656
1793 1933
3048 3056
1608 2487
317 915
703 1378
59 2476
1 3110
1126 2313
581 4028
92 3898
452 830
1929 2304
2687 3289
1614 3957
1625 3232
2891 3945
2657 4084
1655 3972
883 1229
626 2980
352 2876
2169 2227
1190 3284
1104 2834
299 3132
2482 2636
913 3900
326 2359
2357 3761
1891 2237
281 1858
867 3850
1209 1845
1155 2566
1501 2891
71 2145
2100 2974
640 2730
415 2804
754 1522
137 1259
1622 1623
776 2755
2096 3117
142 2007
292 348
1395 2939
905 1104
1164 1253
2852 2964
2464 3693
1042 1786
617 4003
155 325
2914 3607
1661 2020
1338 2535
1122 2210
2298 2772
3644 3711
1129 3317
1786 2712
936 2337
1358 2647
1319 3188
809 3035
3659 3854
2274 3267
458 4089
1370 2135
2748 3740
891 3628
1516 1838
1522 3616
1996 3602
1493 2778
1316 1905
3848 3896
3413 3652
1731 1870
2460 3216
1602 2021
1336 2847
610 1350
66 496
678 1037
15 3209
1733 3860
75 362
2731 3973
2219 3670
2445 2527
1305 2718
1171 2425
3234 3575
1015 3118
1506 2346
655 2292
1439 3075
828 2322
1306 2022
200 3810
1587 3047
2540 2890
630 3284
1775 3531
361 2276
1125 3185
2496 4019
408 3200
836 3978
2233 4037
1790 4073
1895 2529
1918 2085
530 1504
253 773
514 2745
957 3709
1476 3295
1533 3436
863 1100
1284 2458
1095 2240
600 3389
1370 3615
1706 3291
1774 4005
2267 3319
2105 2759
872 3548
333 2717
503 2797
526 3972
1564 3171
1931 3014
1166 1747
3547 3759
1397 1602
1557 3768
1149 1392
843 4091
549 3076
764 1819
1230 3460
902 1626
865 3109
1273 3949
880 1200
1773 2521
2705 3253
992 3381
468 1340
786 3521
2853 3487
415 1575
864 1718
1294 3179
3237 3309
435 2017
161 2733
1451 2656
2582 2873
564 2786
148 3520
625 2749
1929 3059
330 1905
1957 3953
1681 2481
2502 2929
2019 3924
1932 2738
590 2678
1035 3483
1890 4020
735 3716
168 1990
3211 3819
387 3298
1972 2171
983 4093
1832 3613
1415 2379
1025 3392
1180 4090
135 1520
2084 2474
167 3454
710 2996
2216 2663
650 3976
2058 3718
702 3685
1997 2808
1557 3098
1257 3036
3251 3272
2362 2566
312 1021
899 3511
1719 3027
1210 1368
1953 2733
128 3975
116 2056
1901 2588
100 675
475 3968
855 2697
241 2012
3223 4073
427 3859
848 1896
753 2550
444 2759
347 1102
821 3670
1156 1368
1160 3605
3463 3745
1229 1357
1925 3063
418 3758
266 3099
645 1265
1179 1901
1537 3008
1975 4034
579 628
2376 3867
1693 3061
237 3252
186 2862
2261 3793
1947 3256
693 3155
2986 3696
32 2090
2832 3535
189 4083
292 363
368 1655
1430 2296
93 4064
822 4038
1127 1733
363 3403
247 2939
1070 3828
646 4004
1444 3055
882 3417
1809 3268
2723 3425
2074 2698
1538 1756
1067 1817
319 3658
188 3472
2478 3874
1172 1385
880 4030
322 2221
483 1735
2907 3248
590 3137
773 3014
2556 2770
3195 3625
1624 3695
1762 2039
630 906
839 2185
400 2298
1568 3586
2142 3444
440 1894
1109 1118
1522 2930
1205 1541
2632 3225
2924 3554
111 1928
363 3341
472 2106
208 3191
1671 1917
840 2568
2428 3804
149 3799
201 2316
1477 1620
503 882
777 3597
1418 2921
45 2500
412 1941
2225 3748
791 2197
1608 2858
2590 3834
389 1760
1339 3226
459 858
682 3929
2203 4083
2629 2634
587 1939
2342 2344
508 2440
2478 3647
223 2063
2350 3443
1923 1998
120 2475
382 2793
649 1732
2066 2122
2575 2900
413 1123
1344 2482
1868 2792
227 867
596 2697
542 1737
293 2705
2892 2994
290 3112
1096 2041
92 3599
2376 3717
952 2295
609 3895
967 1107
1428 3075
1903 2473
3686 4059
710 841
1590 2370
276 3350
1225 2385
56 461
792 3244
798 1720
835 3012
3713 4011
353 2084
1684 3972
190 3411
690 2896
2792 3597
2770 3969
166 1399
2062 2639
2985 2987
478 954
3120 3641
684 2931
197 2544
737 963
32 3991
2293 3430
432 2234
1933 3173
1412 2799
705 2334
2293 3462
1183 3500
233 576
2206 2569
239 2449
1615 3622
1183 3632
3296 4091
320 1891
391 2863
443 838
1771 2819
1075 1098
1556 1687
1015 2714
1968 2892
1416 3630
1282 2521
157 3473
543 3375
146 2148
1817 2009
3843 4066
760 1139
790 3107
184 2600
689 3333
968 1424
2254 3838
476 1106
2573 2737
2363 3100
167 2392
1640 2839
1687 1770
1448 1926
200 2095
1195 3291
412 657
442 3983
2567 3077
1912 3909
1450 2043
3055 3101
1481 3487
1181 2714
3272 3653
936 2078
647 1793
879 2149
1277 1528
585 816
1390 2892
11 3050
1561 1728
2981 3226
2775 3983
610 1484
1146 1329
1221 1969
478 3092
2325 2979
685 3567
387 1269
2772 2825
1952 2643
1008 3915
2046 3249
741 2098
1074 2739
289 1401
958 1229
2716 3490
853 2472
3382 3571
1110 4080
3269 3396
546 3349
1795 2076
28 2533
2750 3563
3734 3894
2708 3313
76 2013
81 2817
854 3208
769 2383
1496 3952
1456 2424
480 1854
1525 2783
1014 3825
1867 3055
582 2140
2512 3921
199 2554
1117 1504
320 1328
2346 3228
252 2682
1441 1470
333 1353
2332 2547
284 3586
841 1837
1597 3007
111 1021
2727 2907
1573 2993
1062 3540
951 3978
2009 3182
314 1777
2406 3962
259 1385
896 1249
999 1282
1037 3349
1039 3483
2000 2997
2543 2692
240 1508
451 3733
540 1990
2530 3951
1528 1822
398 3551
1630 1809
2980 3783
1209 1453
1358 1496
2134 2144
187 2689
1884 2174
182 1551
2082 3844
1437 1706
1990 2510
871 3929
843 1475
1903 2228
3365 3684
2281 3014
2850 2947
399 3969
1594 2520
472 1466
1239 4031
415 1153
650 1489
1615 3175
3055 3535
255 2826
710 3953
154 1972
1060 4047
1293 3535
812 3046
96 2899
2128 2170
2646 3700
1087 2293
1776 3253
2110 3666
636 3852
711 2890
788 1883
875 2880
641 2015
1928 2894
335 3602
402 2580
559 4030
90 3747
2126 3975
1222 3963
42 563
934 1345
2511 3930
1998 2444
472 901
2301 2506
3708 3860
693 3485
1165 3754
1647 2373
2065 2622
1453 3010
114 989
1716 2184
120 345
445 2600
1882 2103
305 2253
439 1433
1255 2805
2218 2340
2165 2605
466 3456
531 3582
2043 2959
1135 2065
1340 1825
122 3356
2094 2423
1809 3636
520 817
2530 2942
102 480
1204 4094
2007 3150
3071 3369
1089 2704
1011 2994
1112 3464
1062 1350
1008 3978
350 3497
1470 3246
354 1853
2494 3882
2097 3978
2724 3548
223 3456
2365 3002
2238 2467
590 3346
36 3676
406 2421
1295 4083
1938 3187
1412 1523
1030 3506
217 2772
610 933
1953 2678
3336 3931
448 4009
2511 2733
210 2973
1269 3691
174 826
1649 3694
2627 3645
171 2011
3046 3824
1703 2247
3739 3910
768 2617
692 2068
2017 3016
1692 3592
1686 3783
613 747
2356 3681
1757 2230
617 1438
1959 2884
14 3860
2315 3865
424 2383
3652 3879
1641 2876
1544 2898
1063 3537
1608 2288
2770 3603
572 1140
269 2085
1576 4011
1147 2963
1877 3717
1873 2605
324 2146
1884 2880
933 1747
1879 2666
1390 2527
930 1559
1337 3333
168 1839
1518 2458
290 2151
1262 3407
728 1163
142 3737
1811 3245
1728 3567
517 3344
1039 3419
1132 4030
2285 3881
2400 3435
734 2417
2345 2798
3130 3803
1972 2479
744 2584
2050 2736
1393 2504
2516 3193
2240 2668
2301 2387
689 2635
860 2268
2784 3339
735 2982
1554 2766
1175 3944
2910 3301
3837 3979
409 1498
1806 1859
339 3358
1170 3677
97 3832
628 1745
697 3825
1125 1516
2774 2933
3342 4003
379 2647
2800 2977
31 2826
1915 3542
70 1471
24 2050
921 3909
87 3059
758 1201
3477 3550
2423 3243
1695 3121
1320 2985
3162 4058
2144 3440
907 989
307 2227
587 2402
835 2673
696 1710
2519 3373
539 2216
3265 3714
3409 3851
805 1666
3703 3885
328 942
1472 3841
1737 2911
51 4062
60 3671
849 3275
1463 1585
8 3692
1586 2246
601 1176
266 2188
2866 3722
140 1219
2115 3316
518 3835
1825 2619
3056 3739
2875 3935
79 3862
2799 3903
1473 3450
2346 2882
366 996
73 2363
1816 3065
4 855
1322 1718
1761 2341
2391 2778
2753 3348
348 3033
90 259
324 3613
400 2970
1933 2277
589 1359
2831 3085
2011 3243
2066 2170
147 383
1238 3681
2572 2986
3222 3492
3718 4055
390 1755
55 386
1203 1355
2238 2462
1427 2577
1185 3813
495 2370
320 2228
939 1832
1173 2527
3320 4034
480 2605
1861 3775
271 2270
3253 3667
1251 3227
1764 2979
1279 3049
1769 3594
702 3622
2436 3473
622 2783
1467 3526
69 956
1218 3739
651 1861
1337 3748
100 2339
1949 3567
2148 3857
2923 3790
131 1432
489 1080
172 2598
937 1197
590 1692
2034 2877
215 3157
1140 1655
700 1123
37 1476
475 2210
2232 3439
1665 2492
2863 2959
432 3184
2958 3251
609 2457
3791 3959
3263 3563
751 2295
1985 2420
1733 3674
684 3121
656 3787
3170 3415
89 1768
724 3055
1987 3624
700 3476
2570 2645
1289 2130
2564 3341
218 426
1697 4023
3267 4063
3337 3442
1331 1639
3 2527
675 1597
1291 2012
142 2195
1041 3920
153 3975
1617 3506
72 1106
1612 4085
476 3401
1442 1826
701 2791
2656 3343
3388 4052
406 2072
1239 3293
2534 2577
656 1407
962 3851
1762 1943
1637 3123
1222 3871
730 1536
680 3785
1275 1279
1423 1680
1799 2561
737 1018
1896 2452
1850 1866
2035 2548
1374 2391
1130 1266
285 2286
1483 1622
2665 3508
725 1054
726 1278
1601 3652
547 3175
9 1501
351 2147
1204 3747
800 3277
535 887
31 1243
1943 2792
3365 3379
627 1240
15 3028
888 1878
2450 3459
756 2021
287 2449
1265 3744
302 4050
884 3396
3271 3276
2696 2807
2433 3523
3231 3698
1622 3132
633 3332
3630 3704
479 998
3367 3400
824 3748
813 2819
2412 3512
398 1571
1495 2426
1033 1509
2104 3643
80 3666
93 1587
990 3623
3665 3877
111 1138
2233 2735
2379 2980
639 1957
3038 3063
1012 2176
2105 2185
128 2446
238 3033
1289 1423
995 2186
208 2079
2303 3250
1407 3885
665 1778
1305 2648
760 1463
1297 3238
2250 3976
2236 3051
50 2877
1903 1933
451 2957
1397 3376
2591 3187
884 3954
3124 3732
87 1148
686 4029
15 2186
775 2963
2342 3817
1301 3071
3316 3366
330 3575
514 2015
2699 3337
1574 2329
1218 1291
2421 3200
869 1716
2419 2772
1743 2995
2148 2241
274 749
808 1686
106 2312
468 910
295 2720
1272 1336
3183 3459
1621 2852
1789 2959
607 3771
1572 2534
1235 2762
568 2061
1968 3864
2103 3834
2860 3661
281 4030
965 3185
552 3567
2187 3636
1247 3621
2215 2778
133 1017
3427 3488
1217 2807
396 3972
2679 3016
721 2410
2410 2808
1340 2336
1613 3170
872 2783
1241 1355
354 2949
83 1291
176 2288
2009 3887
744 3980
2544 3546
2080 2849
2827 3688
973 1391
508 3714
1261 1942
1834 2427
1208 2870
79 3082
265 860
797 2808
2034 3339
2377 3432
1181 1677
182 2542
203 2923
1043 2746
805 2950
250 452
132 2212
2778 2935
1036 3831
45 1033
1265 3514
761 924
532 2191
123 1902
200 2575
989 1513
400 3355
1891 2048
337 1770
3020 3453
1825 3640
2939 3654
183 972
2617 3205
1770 3743
121 364
67 3760
1299 1834
2024 2621
153 1204
1684 1792
454 1969
1059 2874
1313 1332
219 1103
1176 2643
659 1165
1248 2246
1974 3927
836 2074
2856 3583
3650 3773
1878 2995
2706 3865
309 2475
516 3468
1349 4018
444 841
627 712
471 3903
382 3291
578 1838
1281 4049
3350 3991
1306 3331
3147 3337
3079 3600
840 1745
2597 3961
2279 3976
2478 3260
195 1026
1446 1775
119 1021
1684 2377
770 2340
1377 1998
975 1010
347 2760
603 1955
375 1726
339 2951
595 3478
159 705
1017 3105
731 4070
2434 3173
3206 3616
2271 2370
2456 2780
2050 3320
137 2327
2355 2632
2868 3551
2406 2457
1887 2081
383 1421
775 2019
289 1830
1437 2379
1546 2006
149 2401
2820 3861
162 4033
65 1142
1780 2916
2676 2681
90 4052
1735 2083
288 1367
2017 3029
3653 4024
90 620
1855 3058
1188 4049
622 3094
1898 2417
729 1244
1476 3374
1355 3923
1391 3877
1002 3544
2006 2398
1930 3004
869 1494
3356 3444
2135 3980
165 709
2337 3694
1332 3951
3054 3492
2002 2927
2069 2321
780 1468
2933 3002
192 1205
2893 3637
1517 3706
430 1166
2087 2559
87 2063
2231 3693
1226 2798
807 1925
220 2161
1373 3818
721 2617
2451 3767
898 3045
1748 2587
1952 3941
2116 3185
2583 3956
408 2731
2184 3327
732 2903
477 1624
1012 2608
12 863
460 1642
1973 3213
1341 2166
309 1881
3465 3960
1191 1851
1469 2692
2057 2590
3637 3984
1301 2524
1294 3621
1312 1364
2649 3456
2366 3237
3100 4002
3868 4053
1716 2619
3548 3921
1462 2853
1258 3077
641 2607
1366 2359
1695 3034
994 1824
558 2030
1325 1500
1924 3000
363 3107
747 3770
921 3824
1810 2704
1053 1072
1037 1831
2577 3249
1716 2765
540 795
2107 4032
461 1800
1177 2020
242 3212
564 1198
1605 3241
129 3903
2210 2657
907 3134
1089 2459
505 1713
1107 3724
2306 3827
638 770
5 1513
571 782
1198 2896
974 2978
2633 3394
3086 3854
980 2448
855 1028
107 1181
161 1822
473 1378
2702 3793
430 3555
269 3073
2597 3896
228 1498
1694 3192
1676 2950
1402 2035
478 2059
10 3358
731 3851
527 1559
470 792
444 2327
1924 2200
2364 2431
546 2768
404 1152
2215 2444
759 2103
110 1359
1356 3524
941 1291
1601 4020
649 1695
2388 3935
3433 3817
2121 3733
1015 1434
759 1014
383 2669
1883 1987
96 1651
2894 3499
2169 2834
2443 3368
3119 3855
3949 4073
290 422
908 1272
837 3252
1823 2506
3561 4058
2258 3102
831 913
1602 2125
498 1257
2638 4053
2383 3621
135 902
905 4077
3646 3885
1051 3077
1001 2616
1314 2849
2088 3650
551 3818
115 860
565 2227
845 3685
53 815
2262 2746
634 1326
1976 3420
666 1495
282 2329
222 3363
2446 3455
113 1398
926 1720
1441 1505
3319 3573
3359 3908
1551 3633
645 2532
2353 4024
518 2803
2246 3431
1297 3165
3508 3737
2421 2667
2668 3038
1947 3303
966 1878
1725 3123
404 581
3342 3728
1827 3529
3173 3218
270 2052
1213 1852
1079 3267
1380 3002
110 1346
2861 3169
1900 2963
450 3897
3077 3294
1186 1675
234 2808
1645 2548
1415 2131
1915 3878
382 3499
874 2530
495 3192
2066 4028
1223 3006
1784 3969
579 3991
3192 3721
1988 3923
1779 1876
2360 3351
967 2799
2810 3740
1514 3358
689 1518
2435 4029
1540 3766
1554 3556
2349 3680
2026 3783
73 1594
1822 3697
2147 3686
231 1339
911 2858
328 3477
1383 3390
509 3306
108 2859
1787 2290
1389 4064
1120 2903
668 1981
2127 3995
903 3704
1783 3043
1022 1434
2379 4059
1972 2003
1188 1365
1141 2806
1812 2187
719 834
1191 3830
3347 3469
2476 3106
2857 3281
1814 3055
2942 2947
755 3909
498 849
688 1195
1186 3546
1741 2057
973 3319
508 1956
2010 3013
917 3796
1319 1751
2082 3062
2027 3517
2474 4007
219 3933
645 3404
137 3942
1702 3611
695 2997
2800 3270
2363 3607
2016 3511
993 2925
1716 2826
1616 3630
371 1433
646 2103
64 188
2227 3796
2434 3754
2065 3007
2027 2263
1339 3642
1318 2690
827 1154
1728 2321
1891 3083
608 1701
2626 3258
864 4084
174 453
1249 3153
2951 3054
102 850
2579 2691
1588 2552
962 2815
250 3503
133 380
1137 3501
730 1168
1491 3708
1224 1374
1074 3017
914 3043
1218 2935
295 4057
1944 3624
505 3583
1678 4009
1211 3445
936 2914
476 1248
25 985
141 3839
1345 2470
388 3561
2779 3884
446 1505
1391 1590
925 1606
1415 3908
826 2132
0 2478
2752 3360
2575 3304
1894 1897
1130 2934
1567 2820
1369 2132
299 3111
2886 3287
2263 3991
169 925
489 1656
2020 2520
1081 2958
1072 3704
170 2071
1340 3831
48 203
1465 1557
1346 3266
3327 3461
957 3894
322 3937
1298 3253
714 1689
2080 3679
156 2608
3501 3855
993 4007
2340 3538
1430 1839
369 3078
934 1958
2002 2797
68 484
2370 3517
1647 3079
1537 2579
2013 2735
993 1338
289 1030
1546 2717
1921 3917
1935 3066
192 869
285 3796
313 1285
1248 1782
2165 2209
707 2688
2851 3045
2092 3089
1319 1476
2423 3616
317 1153
1521 1713
2210 2983
187 1881
3109 3173
1915 3879
1032 3151
153 178
547 1777
1091 1747
3380 4003
2662 3766
1863 2799
1803 2390
485 515
1123 2902
377 523
3642 3683
1160 2459
1096 3443
2063 3089
1731 3899
260 4090
908 3233
273 1945
639 2826
330 2290
519 692
964 3774
110 504
591 1700
1751 2203
2660 3972
1932 2125
2180 2452
2522 3559
157 2896
2211 3714
925 2703
2877 3881
214 3971
2432 2623
1252 3424
1233 1337
174 1628
1696 2615
1979 2690
2858 3474
299 1932
2248 3780
1659 2507
1181 2989
1691 1832
780 3219
1521 3414
883 3637
2168 2339
1035 2339
1013 3344
2929 3678
658 2404
371 3606
2738 3465
3590 4000
1313 3241
3687 3998
1131 1571
1166 1841
866 3090
2905 3522
71 3952
2569 3847
557 1035
2918 3477
776 2889
575 2960
279 1047
1468 3203
2529 3809
624 2196
1559 3469
1976 3224
1705 2424
1821 3360
266 2629
2130 2552
2277 3700
2259 3250
266 2814
247 1740
3671 3787
3181 3372
99 3792
1672 2891
289 1355
1075 3722
262 757
623 2716
343 842
858 2737
2032 3316
1631 2697
774 1310
3249 3677
245 706
390 2132
2181 3159
816 3021
1610 3590
2500 2977
2288 2789
1024 1448
118 3711
3281 4034
3221 3657
1305 1938
1458 3693
996 2506
814 2082
428 3209
1331 2423
1272 3071
1693 3885
2016 2346
252 2074
1983 4052
987 2353
329 2361
647 2664
1556 1627
130 152
826 4027
2593 3068
2006 3807
477 2103
185 3470
1281 3768
128 1818
755 2862
3017 3267
1083 2910
600 3681
1340 1446
1680 3946
1811 3093
468 1155
1281 3518
1023 2055
947 1877
1750 3297
1025 2592
498 624
1063 1736
1240 3638
2589 3917
114 252
1886 2024
989 1359
1130 3738
458 2713
1944 2668
1429 2053
1513 2964
3233 3351
2526 4058
668 1242
1749 2227
115 4030
933 3511
1835 2137
563 2393
3658 3771
2482 3997
1314 3773
2236 3369
1615 3055
1607 3578
513 1082
119 2329
349 1905
2776 3564
834 1717
1991 3462
330 3532
1729 3084
3219 3482
3513 3548
1732 2924
1958 3030
3055 3317
82 692
77 787
2157 2317
748 3706
1429 2705
784 1829
1030 3160
1697 2483
801 3133
1084 3053
1075 2788
1640 3117
1459 2834
2310 2714
588 3997
2174 3953
923 3561
2407 2562
2362 3319
901 1676
414 3246
103 2797
2083 3533
267 1726
181 3861
710 3262
2129 3317
1936 3561
2606 3835
335 1318
415 1667
1888 2105
139 380
2369 3893
258 2287
650 3812
2429 3413
849 4092
706 3279
828 1594
695 3243
936 2369
297 2345
2678 3476
733 1194
643 898
3131 3851
35 662
3120 3788
2744 2820
2769 3055
1210 1847
819 921
2360 3742
369 3220
1577 2490
426 2304
2121 3090
343 3081
812 1154
36 563
2135 2822
900 3017
1906 3465
1086 2289
2508 4076
436 2146
1058 4002
722 4036
232 2243
2254 3195
3284 3956
2467 3980
1870 3473
330 1636
897 3529
1763 2390
1034 1196
2391 3903
262 969
1665 2621
367 2120
1304 3991
64 997
71 886
328 1539
705 1501
596 2763
259 1932
392 1210
244 1507
1128 1860
3736 3813
600 1617
265 3444
1354 3630
2975 3792
1589 2823
277 3326
1232 3828
1109 2550
3381 3612
213 1724
1773 2129
1364 2584
917 3167
2639 3166
518 880
1779 2231
1411 2927
1785 3799
1390 2998
2474 2712
1125 1290
716 2494
371 3116
2335 3335
437 1036
1437 2467
2219 3792
598 2850
1789 2727
1738 2349
1103 2974
1820 3544
2215 3224
1490 1858
1472 2724
2650 3602
781 2114
759 1024
1386 3639
970 3597
605 2918
462 2208
1120 2205
170 3692
1512 3216
1478 2654
778 2367
301 2716
1609 2784
741 2439
1783 3075
2491 2561
2644 2828
381 1984
169 3914
1246 2907
1033 1112
1203 3529
350 2601
2464 2573
78 2370
873 2350
127 2974
1366 2716
530 1468
41 1742
3814 3993
657 3016
3359 3930
1815 2666
2586 3222
1100 2570
2124 3622
30 3367
2899 3578
1421 1635
2036 2842
925 3741
3416 3764
139 2442
375 827
1035 3743
834 2529
2131 3575
489 3524
302 902
1334 3561
2647 3473
1847 3616
443 3996
3187 3853
432 2665
1370 3247
317 2331
1589 2610
2055 3134
1852 2688
445 1798
531 3563
216 3747
2822 2825
2345 3025
860 907
692 2225
48 2156
2319 3767
2050 3885
1003 2116
2475 3058
135 3241
2595 3224
66 3064
507 565
3628 3701
948 1687
436 1687
1113 1429
678 2346
477 3965
147 1555
701 2186
84 941
2038 3739
2410 2652
2699 3629
1504 2241
148 3501
2394 2807
648 2889
630 1006
1057 1826
2341 2923
1270 2975
1597 3629
678 1132
2304 3341
694 1293
93 3948
1053 2678
3440 3808
534 3888
156 1393
313 1172
2422 2713
1174 1355
735 1448
3006 3928
159 2351
493 736
3056 3933
1086 1951
876 1830
82 3144
2688 3345
3270 3585
144 2408
2048 4078
79 662
1313 1724
1700 2599
995 1036
2007 2581
2490 3880
1402 4050
1091 3244
1849 2848
117 3628
288 3861
4054 4074
334 3566
1598 2066
442 1028
2278 2345
1235 3829
3205 3470
136 3801
300 2859
958 3340
2044 3708
2349 3372
685 4094
3023 3350
3382 3754
603 2135
388 2559
638 2911
1003 3576
379 2980
2738 3954
621 1760
1737 2160
463 1294
2104 2426
2052 3442
3888 4054
1991 3366
451 808
789 1197
190 2440
728 3697
660 1497
614 3006
1984 3213
546 1266
2528 3437
1221 2683
1261 3372
233 2450
346 1508
12 3462
682 1922
44 932
307 1116
1187 3824
523 1664
979 2189
1623 3991
720 3844
1756 3371
770 2699
182 2741
3633 3685
295 2345
942 1232
454 1037
889 2406
529 2547
974 2884
1164 2735
685 3571
954 3938
728 811
140 3825
1664 3911
125 2998
1262 2791
12 690
1655 3047
2502 3473
2099 3291
3430 3857
1309 2472
1870 3160
1510 3456
764 2886
21 2919
1983 2459
951 1186
2801 2820
1179 3483
120 3421
1290 1712
1320 2872
2191 3754
1768 3185
440 904
2251 3797
1581 2031
485 2190
2256 2614
2836 3718
962 1412
1094 3503
294 2621
442 1927
930 1500
2798 2977
214 667
640 1400
1664 2502
2798 3528
1112 2819
1342 2104
2075 2468
566 2139
134 719
724 3025
353 2095
1192 3614
505 3568
1429 3728
1759 2885
1850 3116
205 632
895 2384
3385 3870
1392 3730
928 3981
110 2912
2100 2904
1971 2653
3147 3712
2450 4044
293 2144
3024 3264
1587 2951
3285 3300
263 2723
966 3171
1708 3510
470 480
2004 2894
2897 3212
2167 3902
2222 3145
983 1768
3158 3785
1973 3907
938 1955
31 547
610 1204
2822 3115
327 1736
23 3488
3630 3716
664 1236
2324 3773
1543 3932
1810 3767
293 1057
2365 3599
433 1367
1533 2083
1171 2301
1134 3184
713 2588
1984 2654
2583 2600
449 3234
1435 2075
990 3777
110 762
1553 1626
1723 2471
2314 2996
1034 2346
1295 2761
1768 3152
1059 1717
1375 2100
1599 2966
2334 3670
1321 2432
230 2940
816 3923
798 3827
2475 2944
1549 3573
1063 2315
26 283
1359 2354
83 3625
1086 4047
1201 3118
95 218
173 2082
632 2188
1163 3393
2876 3724
3059 3892
1273 2377
595 1286
1245 2018
596 3957
647 2556
950 2089
176 2925
1791 3018
1489 1694
131 671
1720 3999
402 2157
293 2532
379 3438
994 1707
1095 1483
296 1049
2888 3102
824 1406
1903 2731
1378 1913
856 3582
1899 2643
3058 3358
128 3765
1519 4000
3922 3925
3206 3929
2516 3823
833 1012
371 1040
115 3122
357 3791
15 2507
3138 3353
1417 2905
645 1056
605 2511
1815 3637
2263 3878
1032 1659
716 886
1359 1929
638 1279
2458 3200
2324 3562
230 1129
1042 3754
395 1862
2495 3955
2672 3939
662 1392
2304 3449
151 2748
119 939
1695 2826
3223 3515
813 3263
298 1032
215 2310
12 1840
185 2824
2977 3582
1005 1199
764 3515
3340 3569
118 1289
804 3973
705 3936
1850 2615
905 1391
1123 2489
2686 3350
1351 3602
1317 3971
2094 3196
57 1797
1575 2058
101 1629
414 906
440 1520
526 3496
1321 2795
880 1113
1599 1620
389 3809
1600 4035
664 903
1818 3271
334 729
729 1350
1887 2476
3148 3536
146 380
1785 3307
3893 4051
243 3428
1032 3128
1643 3351
1194 2550
2217 3504
1365 3538
2478 3777
395 3355
2282 3127
106 830
1637 2104
1330 2785
888 4052
486 576
3292 3908
2904 4093
2731 3769
379 1783
871 2414
2178 2529
3157 3567
3060 3617
170 3192
937 1684
419 731
12 478
1302 3196
1729 3635
531 3673
1938 3284
3081 3842
1732 2611
1126 1550
1787 3381
1892 3075
2487 3769
189 719
1832 1921
756 805
2571 3610
415 883
1669 2210
1031 1231
1648 3481
1833 2882
548 984
912 2556
1121 3830
920 1174
50 326
2875 2878
1942 2836
2312 2565
3486 3897
1760 3046
1213 3967
2152 2462
1184 3281
849 1059
2194 3555
3039 3092
3148 3359
318 2913
714 1925
555 848
874 2678
2423 3410
142 1594
124 1180
876 2454
2452 3045
90 751
1404 2263
1239 3725
1962 3777
792 3222
1070 2541
1792 3864
1225 3291
883 1246
66 336
1355 4093
3157 3576
951 3790
318 3918
675 3021
1173 2111
2581 3079
2505 2869
2158 2333
1564 1741
2083 3084
1879 2840
852 2044
911 3695
379 3528
1308 1352
1739 2899
354 441
314 3502
960 1527
152 1211
489 2728
338 3457
904 3608
3932 3973
1200 3013
958 2364
1054 2728
691 1298
2236 3424
1736 3804
2753 2825
354 2859
1320 3193
1005 1677
1616 2398
160 2314
2364 3906
2443 2672
1781 4052
805 2373
2499 3732
1834 3192
369 1418
987 2213
2931 4027
663 2731
2446 2953
633 897
1524 2405
430 3001
2408 3856
628 3881
969 2463
773 3716
3640 4065
1955 2404
264 1698
2270 3513
1954 3455
2125 3055
2013 2111
900 3249
314 2811
2110 4089
2245 3479
3537 3945
2469 3724
293 2212
3672 4089
738 2006
1655 1808
2678 2864
2425 3137
3608 3802
340 1261
107 2435
231 901
3082 3583
1237 2018
496 2896
479 2440
3242 3737
202 1218
1795 2069
2460 3679
3081 3247
2187 3768
160 2482
1147 2588
2266 2409
1 2858
3091 3700
3076 4029
1923 3871
2231 3844
1243 2003
1799 2764
3179 3409
648 3647
3183 3862
808 1737
1267 3044
1572 3481
1517 3444
1095 2828
3353 4075
1056 3828
2078 3048
405 1885
277 1865
458 2957
3107 3152
2153 3998
338 2414
430 3437
731 1690
2167 3732
275 1219
2455 3741
74 839
1717 3684
232 3454
55 3580
3159 3389
885 895
400 1421
1102 1634
532 1646
2313 2528
3351 3507
2983 3218
453 2534
2358 2782
1117 1587
2056 2094
1228 2294
2852 3257
651 3661
125 1300
784 975
323 3942
568 3059
1406 3456
1885 2828
919 2705
709 2745
37 2822
1571 3914
255 574
749 1121
1197 3725
1746 3006
931 1137
603 3897
2452 3108
1120 1627
2717 3021
62 2980
922 2969
204 1211
482 2974
1409 2627
603 2356
496 2376
362 535
2335 2834
502 3821
29 2403
1599 2091
2534 3697
1902 2279
891 1520
2164 2503
359 923
380 4007
75 1778
1773 2495
1225 3032
658 3046
721 3650
1000 2176
123 1869
1061 1312
445 1193
657 2838
337 351
1910 3202
3256 4079
320 836
1919 2394
665 1515
256 1188
2208 2685
2405 3279
1563 3341
702 3170
2119 3477
583 1480
488 491
440 1884
546 2167
2976 3923
1807 1967
2025 3232
2195 3372
693 3313
1925 3217
61 996
147 744
924 3077
244 1971
933 3835
2565 3749
3384 4012
923 3088
755 1958
3272 3670
1175 2415
1819 2765
196 1096
1388 3976
513 651
1070 1903
1377 3282
121 2098
107 362
1565 1948
2731 3651
466 820
2199 3268
515 3475
2779 2928
714 1841
2232 2982
423 3106
1359 2107
407 1562
480 2883
1833 3333
399 1968
1319 3261
648 1977
1900 3231
753 3326
2275 3604
626 2902
1692 2921
2365 3103
2786 3349
1647 2119
567 3590
703 3026
195 1148
1410 3928
1800 2869
1202 3386
130 3406
2976 3547
226 1852
1977 2428
2435 3218
1578 3584
1430 1922
899 2598
632 2055
1144 2688
2763 4052
1240 1854
560 1190
135 3897
2213 2585
1653 3442
1317 4039
883 3445
538 1510
3433 3444
600 2906
347 1671
2017 2255
369 3700
2951 3838
214 2946
977 3921
2951 3097
232 2382
22 3701
683 1009
1851 1861
1524 3776
3489 3563
728 1924
494 3372
1451 3216
1795 3368
3352 3595
2048 3572
780 2634
60 1788
2047 2100
3479 3898
1806 3175
2901 3627
1922 3768
1557 2970
783 2880
1279 2131
1702 3535
3513 3625
1953 2206
12 2138
2682 3244
2715 2984
933 3573
1425 4084
1313 3523
1016 2814
2886 3075
1319 2374
525 1380
1323 3042
44 3511
911 1241
1534 3059
399 2939
77 470
1609 1931
334 1095
3976 3999
1032 1601
791 2188
2076 2723
2079 2945
672 2872
2895 4077
2391 3486
2567 2849
605 1227
1112 1258
787 825
1180 3607
1427 3614
345 3877
2242 3805
597 2934
1789 2558
392 3904
612 2790
238 3704
2729 2772
595 3070
635 1541
2548 2702
584 1574
1434 3848
817 1058
397 507
1506 1757
1706 1990
1049 4035
469 1732
2674 3994
1291 3789
321 766
274 1489
2309 3814
579 703
1739 3971
1665 2909
302 1114
1013 2539
205 3249
829 1977
694 3005
134 3439
819 878
3323 3657
1413 1492
2785 3911
955 1836
1690 3430
2350 3713
1350 1948
1174 1899
782 3173
1089 1276
391 1044
2823 3572
3134 3675
1985 3826
9 2205
2130 2721
1646 2157
3432 3616
1122 2202
1258 2343
1602 2337
1498 3243
2232 3840
2119 3829
1923 2525
1341 2192
700 3170
2355 3411
463 565
2772 3638
59 1666
948 2893
1304 2991
1018 3670
1699 2590
3023 3940
1693 3941
3097 3514
285 591
763 2638
3217 3908
3615 3854
682 3611
645 3450
1557 3522
1512 3171
1035 3031
2848 3995
760 831
212 1886
359 1305
2643 3714
877 3220
771 1479
2547 3017
455 4088
315 1853
385 2501
466 2675
389 518
649 3720
2846 3004
841 1005
418 944
3435 3793
350 4061
3285 3776
1405 2630
1959 3902
1218 1591
402 1346
1461 1498
2594 3375
3111 3852
2300 2879
1310 1615
1071 3828
1789 3368
550 3416
115 2166
2929 3746
2002 3517
2154 3720
1553 3537
1451 3187
740 1417
656 789
1361 3230
2408 3675
3044 3585
3811 3869
1072 1450
3037 3535
1822 2662
2214 2304
421 1585
2632 4082
1418 3830
226 2276
1506 3773
566 713
135 2895
1492 1519
3333 3997
252 1844
801 3513
1041 3170
1049 3513
2781 3764
20 2064
3001 3082
2188 2762
1638 1960
1006 3783
506 2359
294 3658
100 927
230 1338
1944 3638
677 2913
1583 2633
1255 2277
16 2024
785 4038
1233 3689
341 348
1595 2071
580 2327
157 3438
407 2235
1634 1935
299 2047
654 3908
121 2937
2256 3105
751 2551
219 1494
1943 3240
2975 3410
188 3205
490 3439
2391 2484
137 2000
708 833
657 1027
937 1199
2402 3094
37 2519
2593 3143
2680 3679
2589 3290
1166 3048
2586 2882
218 422
905 3493
2108 4036
1161 1976
157 2749
568 666
947 3437
2213 2611
2017 2520
3213 3237
3015 3250
1697 3216
2740 3397
1536 2311
440 2809
1201 2435
673 3884
480 2674
790 3690
18 1637
965 3724
2476 4025
2466 4072
800 1362
1241 1449
940 1629
552 742
945 2424
444 3014
1545 3380
1550 2052
462 2444
1158 2723
528 2391
2320 3979
2513 3387
2580 3272
390 854
2343 3330
46 3124
398 3287
950 2273
2046 2342
812 3784
775 1549
1374 1644
2117 3447
103 2756
383 3728
244 3324
1337 4036
525 929
1737 4036
377 595
2006 3361
474 1111
1187 2607
424 2372
1791 3738
885 1505
405 2610
1116 2067
1237 3841
47 1387
2210 2897
2438 2547
1802 2242
674 3676
1370 1598
2841 4007
1623 1720
242 3388
1977 2664
1177 1887
21 3624
1808 3604
1387 2884
119 2480
651 3865
3685 3927
2809 3939
2906 3371
59 1664
3074 3533
952 3463
1061 1550
2114 2904
3060 3618
2233 2885
1297 2064
1394 1651
817 3246
250 3239
2369 2573
1981 2316
1964 3162
1189 1405
3219 3649
3265 3791
2618 3311
1089 1829
177 4073
1147 2033
788 3103
2674 3863
1101 3621
1081 2435
1053 2885
539 2833
2035 4027
1309 2312
1499 3917
2626 3622
3499 3864
423 1455
1361 2867
435 1108
1922 3027
576 3175
1200 2736
831 1742
745 3972
2297 3777
598 1056
1415 3020
1985 2190
1782 2976
168 378
1924 2537
2354 2761
2367 2860
242 3203
404 2482
1017 3448
834 2071
1331 3304
272 546
1704 3649
1975 3982
752 2895
1031 3663
1268 3845
954 1662
2081 3564
2186 3158
3671 3947
140 1886
1061 1105
834 3857
1832 4009
478 1049
174 1167
471 1051
1438 2341
2447 2984
1259 3819
633 3873
2628 4054
3155 3668
88 728
751 3871
2505 3056
141 3830
2714 3705
889 1229
497 3115
471 3595
1732 4086
1418 3038
519 1100
2801 2929
1391 3133
802 1843
1466 4071
2045 2474
1926 3998
2952 3379
734 1137
376 2072
620 1730
2709 3075
951 3315
2851 3782
3029 3801
1736 3078
1005 2915
2735 2828
2121 2844
858 3642
3309 4014
3054 3704
1136 3678
2923 3485
1905 3777
364 3166
1622 2550
1372 1384
2553 3229
91 4061
891 903
2936 3181
1510 2852
2999 3446
186 2659
1537 3082
1284 1767
652 3110
1742 3519
1517 2705
303 3229
1905 3835
839 2103
293 588
732 2322
818 2515
2379 3939
413 1885
427 3952
1551 2535
1690 1714
66 3499
2910 4028
277 936
641 3960
1112 3085
1418 1944
2560 2636
2623 2835
1772 4042
1921 2455
1711 2029
3246 3897
1583 2435
616 3255
3326 3923
2604 2882
845 3336
2222 3481
575 3152
1659 3942
2265 3823
2460 2844
1705 3205
799 2726
66 865
1228 3193
637 1172
433 684
866 2403
2838 3077
1539 3819
579 3295
599 3498
1498 1599
30 3619
2066 2221
605 1104
364 433
572 1812
1824 2767
801 3806
669 3509
904 2737
181 2761
2783 3448
1270 3119
1456 1896
740 2949
655 2988
1025 2876
947 2468
2039 3087
3116 3674
1233 1945
2197 3820
452 1358
3307 3798
496 1694
693 3736
1236 3875
62 1531
2012 4094
637 3170
855 2982
63 1365
262 1900
1388 2827
2606 3243
39 276
1243 3695
1051 3608
1043 2943
535 4005
539 1678
641 2082
106 1536
57 163
700 2283
3870 4036
2086 3967
1530 3910
1188 3682
1805 3372
3161 3977
179 2536
129 2121
2404 2553
1860 3716
941 1857
1019 3819
1176 2568
1539 2723
1202 2989
1621 2842
3515 3761
3080 3323
1479 1716
2250 2764
683 1220
458 1417
96 3885
2628 3139
2929 3965
392 3397
2468 2793
2151 3026
650 1732
419 656
674 2907
404 1176
1189 2589
3169 3519
1268 1415
1950 2791
436 1219
140 2713
321 2854
428 731
3543 3855
1881 3786
293 2689
660 2961
2533 3525
2713 3281
2162 2242
91 1212
997 2789
1243 3381
855 859
65 1849
1019 1947
196 3391
810 1295
2086 2772
3671 4042
220 3245
827 2467
1444 2214
777 3439
566 3990
1078 1195
2307 2906
49 216
2154 4078
587 3517
409 1701
64 3786
1369 2198
1795 2371
788 3966
2061 2685
256 3350
1065 2527
811 937
245 339
2169 3414
342 2387
272 2308
240 1978
3079 3102
1837 2370
696 2017
2214 3125
1456 3886
2046 3969
584 1676
894 2796
2815 3965
1411 2409
794 978
99 856
483 1583
1070 3696
757 3504
2806 3180
2727 3074
2679 3952
1318 1922
3695 3990
2832 2949
1454 3408
535 3556
344 1438
1010 2772
1720 2018
1983 3200
2318 2822
1260 1507
303 841
1965 2219
2795 3960
1849 2317
589 2846
759 3311
1035 1931
1735 1756
3025 3122
2 3709
2288 3038
1100 1882
3181 3815
290 3645
2335 3832
890 2639
2583 3954
2885 3922
1795 3369
778 1217
2508 3857
979 2861
305 2772
1750 4052
516 1999
647 2524
2590 3613
216 3602
1030 1986
1858 2037
421 3317
690 743
1921 2784
817 2625
1745 3618
762 3782
757 838
2005 4070
634 3987
1258 1283
1309 1969
410 3682
405 1993
207 1227
8 2294
270 759
1609 1709
2105 3733
695 806
1898 3608
1340 2953
369 3452
385 2356
2326 3582
862 891
2757 3284
2330 3045
759 3384
1042 1462
897 2963
1762 4018
1045 2036
3198 3350
1397 3552
1020 3147
2450 3414
1481 3801
278 889
1884 3762
2090 2728
244 2778
217 3263
3669 3879
559 3346
2940 3211
2145 2335
2129 2467
613 3251
1299 1889
2596 3845
190 883
2043 3065
466 2092
2963 3630
469 728
1665 3303
815 1199
288 2683
242 2919
3162 3378
3273 3324
113 3432
127 2135
254 1429
324 2336
849 3072
1433 1811
2281 4012
1959 2310
1513 3960
2895 2977
1083 3676
2475 3993
973 4070
58 4005
1881 3476
1091 3531
227 2955
3123 3203
364 1510
1180 1230
1533 2449
1881 3924
1224 2362
3204 3221
1647 2379
747 2870
617 2372
1554 3403
933 2637
1658 2633
910 2352
493 3286
1924 2839
853 1317
3728 3999
443 2663
2640 3836
3611 3865
2306 3316
3301 3742
1177 3217
666 729
2233 2860
24 1679
946 1033
245 902
3174 3475
3005 3078
713 2034
33 1734
1633 2165
1078 2257
1001 2245
631 2071
567 3493
1781 2862
2072 2092
123 388
3103 3614
1105 2932
1579 2085
134 158
661 3171
1194 3283
1355 2911
1077 1688
1973 3998
3506 3849
2953 3474
626 1637
2490 3525
1491 2194
2454 2780
598 1691
188 3154
179 4053
371 2097
2611 3546
727 3395
794 851
1280 3093
1246 3252
609 3079
3081 3181
1890 3100
2058 3529
1032 2603
3121 3947
1082 2877
1334 3932
103 2855
99 1218
2824 3008
1258 3479
343 3040
561 3387
1726 3617
741 1651
1672 3271
2774 3293
1630 2499
436 1212
178 2604
34 3297
1227 1814
3102 3530
848 2095
339 2123
2351 3337
241 1385
1527 2668
245 2461
72 261
848 2680
163 3295
2846 3625
1017 2020
1073 1277
1131 3908
1551 3026
985 1335
429 2706
168 2752
154 2601
2972 3721
2150 3232
2082 3544
561 2257
3497 3523
658 3043
2673 3643
2630 3675
3352 3768
1466 2312
624 2910
2262 2375
1430 2774
1730 3655
174 629
446 3154
3944 4077
1404 2994
2386 3720
1929 2013
698 2417
1964 2520
166 3683
1769 2962
628 789
530 1756
359 3099
972 3281
616 1505
3361 3673
783 3089
1583 2523
1467 1802
408 1223
1322 3702
3263 3493
589 2695
3067 3884
377 1447
1372 1863
281 2109
1698 3770
1366 3555
1129 3361
85 3079
2268 2584
985 1259
135 3217
1339 1429
152 1061
1719 4086
9 1201
1440 2927
728 3872
150 890
182 3043
1064 1267
1492 1947
1359 2173
1950 3987
699 1341
1002 1012
2676 3954
61 640
594 1406
3334 3448
2582 3063
2057 3049
3164 4047
1446 2340
1357 3177
703 3206
2043 2788
2005 3493
2254 2454
1396 1421
2696 3943
462 1144
118 2354
1188 3294
2078 2116
3 3116
249 1962
2310 2503
892 1667
3257 3873
854 1003
2548 3750
2236 2269
1542 2441
1102 2634
437 2927
1799 2083
1666 2619
1941 3918
2975 3635
121 361
903 3786
1167 1291
2510 2893
276 3772
1913 4064
73 1693
567 994
649 2860
107 2679
3037 3698
2312 2715
1328 3055
810 1329
1408 2496
3212 3622
111 2045
2005 2943
319 1635
240 2143
590 800
345 3202
1479 3457
1104 1826
161 3981
3241 3381
736 3867
392 3855
3009 3692
97 467
2033 3898
605 3722
2503 2972
2947 3327
1146 1965
166 1566
1791 3214
2036 2778
445 4003
2712 3952
1413 3850
414 1326
450 2491
510 1070
989 2309
1047 3234
475 3108
3380 3459
444 1765
3043 3553
1814 3548
946 1323
3293 4061
608 2037
913 2504
2291 3853
934 3485
983 2401
2280 3553
3177 3662
2498 3716
976 2543
966 1307
1363 1556
1276 3221
1937 2873
1863 4002
720 3702
825 3916
391 4042
1983 2008
2787 2881
1481 2718
1037 1210
2625 3439
743 3591
355 1979
827 944
1671 1843
2492 3541
651 912
1677 2790
2588 3890
2802 3464
2258 3962
629 2120
979 2867
3574 3680
1267 3744
447 3037
459 715
556 2707
1170 2371
2983 3917
1400 1559
499 2631
1660 2323
49 1430
1349 2249
2546 3637
2187 2304
2952 3732
2054 2597
1699 2884
296 1788
1187 1872
723 1777
315 665
2556 3320
3727 3772
727 3319
2088 2317
428 1192
113 2967
3209 3896
1774 3309
2403 3447
2263 2968
1215 1937
1129 3261
857 2186
2964 2986
3644 3756
823 1945
1181 3370
1427 2562
2903 3292
1976 3225
727 2266
70 2166
465 1917
3585 3686
229 3686
2333 3943
2783 3930
729 3671
1396 2516
1175 1618
2041 2641
1350 1652
813 2594
563 1982
2010 3278
128 1559
444 1272
1331 3992
2924 3962
511 600
2489 3079
1232 2985
2320 3189
33 86
1401 1455
2561 3570
523 692
2801 3225
485 1505
87 3679
1213 3827
168 402
4 131
1605 2763
633 947
2541 3262
1948 2807
668 1280
2186 3926
852 3513
437 3525
2707 3166
68 827
1446 1555
558 2754
894 2538
154 325
95 1234
1552 3847
578 1090
3110 3982
1345 2660
312 2244
1064 1783
2524 2784
1157 2533
1808 2086
1677 1910
180 3346
853 3101
1693 2019
1755 3689
2143 4013
736 1441
262 521
906 2032
2651 4048
776 2035
486 1912
1572 2281
3271 3307
1312 2250
115 1947
2518 3987
1263 3619
2688 3513
2697 3713
1296 1904
612 1484
1382 1645
1553 1914
852 2391
1126 3279
1394 1737
759 3234
888 3443
1240 3122
2354 4089
2139 4077
612 1700
28 2180
2347 2678
936 3081
1344 2251
952 2352
367 719
1316 3031
1040 2658
1395 1700
187 2588
823 958
1787 2425
623 4026
0 2390
965 1521
911 2873
1133 1443
502 2891
1224 3285
2954 3652
168 902
1921 2664
1283 3559
1552 2691
2490 3319
1129 1546
994 1503
2203 3523
204 3285
2484 3499
803 1745
1385 3541
2100 2271
722 1509
3824 3976
1192 3476
1912 3043
1266 2832
1840 2303
749 2458
1505 1749
3091 3882
2345 2430
2276 2378
456 2172
399 3111
502 1552
3450 3761
1660 3642
523 2434
1549 2311
11 2758
1546 2180
202 1736
41 859
1201 2020
787 3866
2658 4086
412 3240
604 1445
631 2898
1909 2951
2477 3495
2323 3973
881 3668
455 909
132 320
3335 3673
2695 3781
1422 2607
834 1670
2980 3398
1488 2797
3105 4083
3102 3757
2104 3720
2245 3744
1212 4079
1380 2881
193 3180
857 1516
769 2076
2561 2783
1390 4007
1122 3367
217 420
1267 2619
3263 3308
1110 2150
1925 3967
36 696
2345 3368
3499 3532
350 2660
739 2492
733 2668
138 553
139 1315
1485 1711
1178 3381
2542 2676
2509 2800
2200 4087
178 763
665 1410
2311 2502
2151 2895
664 2284
193 3739
1596 3168
960 2237
2225 2620
507 1034
199 399
3659 4056
1202 1717
2994 3368
1747 2179
593 3061
1857 2585
897 1093
2810 2937
932 933
1354 2587
305 1417
2733 3580
354 1033
1709 1861
1047 1466
2835 3755
3411 3882
1404 1606
572 3192
1894 2352
7 901
453 3733
173 3501
986 3277
2189 3719
1890 2431
405 3999
1678 3549
2839 3410
3107 3189
1584 3421
1580 2830
3129 3673
179 1998
1501 3230
3758 3779
2046 3674
1577 2106
1063 1198
2706 3936
766 2953
1413 2123
1456 2769
2396 3924
1443 2735
682 2228
138 2988
2652 2819
2419 3236
2586 4046
2494 2960
78 3398
1983 3677
180 3397
2386 4074
1071 3094
2328 3638
1661 2799
1028 2035
596 2960
2218 3205
2807 4068
1028 2308
830 3841
1433 2459
2123 2593
2410 4081
229 1007
318 3914
787 970
1204 3440
299 1312
126 1431
502 3882
1671 2479
2923 4050
2743 4094
33 2223
1618 2848
1198 3332
3442 3588
546 4060
2418 4070
969 3895
67 2213
599 1344
2609 2854
1421 1732
353 1554
2297 3760
265 3264
1024 3692
1907 2438
2753 3678
524 1727
645 1791
2076 2478
3843 4038
2463 3796
373 2725
2440 3065
1862 2478
16 1338
722 1967
3004 3830
870 3860
852 1698
1990 3120
3360 3613
670 701
287 1183
2261 2788
1605 3193
556 2530
1224 3012
917 2428
3541 3554
2100 3315
377 3823
61 1733
2664 3342
935 2428
1730 2771
2427 3704
3417 3968
1042 4084
1152 2620
135 2066
619 3276
173 2574
1947 2923
1559 2954
715 3058
445 3125
546 2817
384 3542
1273 3876
967 1849
2022 3571
1657 3730
3463 3999
871 1764
1635 2273
1878 4095
1497 1660
33 122
1327 3304
99 2415
1361 3774
362 2117
451 1466
1304 2868
177 976
2737 3514
1502 3085
2147 2552
2993 3955
2074 2675
639 2848
3342 3343
444 1094
1322 3438
393 3521
1088 3855
1862 2377
243 2037
517 1640
2551 2985
907 2836
1965 3864
30 3089
1075 2335
973 2269
1620 1686
1048 1683
1232 4013
655 2321
668 2493
404 1166
2412 3035
857 1650
127 2504
868 3230
2648 3446
1849 2672
2711 3084
1278 2322
417 1512
1296 2099
441 1288
3310 3611
1040 3285
72 588
1099 3416
107 3125
484 2233
29 348
998 2487
2708 3634
1499 1623
523 1608
776 3822
2021 3950
2140 2825
1471 3356
540 956
439 2279
1583 3005
759 2665
903 3063
2313 2610
1155 1904
2125 2693
729 3010
595 847
1658 2870
29 3004
1740 4065
833 1353
2280 3790
1907 3117
437 2646
239 1349
2557 4001
2505 2579
2230 2602
2103 2569
3637 3656
2477 2800
946 2207
2785 3452
1380 2755
758 2909
2165 3632
954 3178
3120 3880
1267 2362
1675 2416
2740 3799
1250 4082
941 1964
858 1141
148 3676
256 1455
2900 2979
326 1814
1983 3985
864 3893
1306 1683
1191 3802
470 2292
1243 3090
1577 2336
1325 2171
464 3338
1339 2138
1472 2150
2498 3440
1971 2187
933 2001
2364 3462
1985 2145
946 1124
1901 2776
3038 3435
704 4077
287 1658
2010 2716
2512 3595
92 2129
950 2143
1288 3785
357 1759
1696 2395
2649 3798
529 1767
186 1514
314 3253
1318 2614
497 1776
96 207
499 2082
464 3449
2737 3555
534 2261
499 2926
507 2316
351 647
1012 2096
2569 3675
764 2374
2036 2261
1439 3105
3415 4049
1509 1713
3478 3935
1854 3715
88 1660
408 3817
1293 1536
2033 3869
379 3514
1615 2663
938 1600
326 1910
1222 1422
1663 4037
1641 3387
2553 2584
1596 2438
1352 2527
3303 3665
883 2754
140 753
961 2415
307 3844
742 3822
1656 1809
1217 1869
3137 3199
2407 3696
1220 2594
1318 1949
910 2302
625 922
491 1884
750 3261
381 824
2745 3057
555 1888
651 2089
576 3316
1050 1384
367 1606
104 400
1664 2614
1952 3186
2232 3699
159 3892
2311 3985
3646 3955
3821 3860
1049 1949
125 2930
989 1989
443 2511
979 1766
405 3239
1146 2359
516 3210
2718 2739
240 2284
32 1459
339 1136
3476 3538
769 1291
1156 1689
1622 2705
623 1490
593 2852
1452 3700
1592 3090
675 2097
3206 4042
698 2009
288 3627
2324 3964
628 3869
604 3537
1680 1824
143 495
2984 3217
119 2960
315 3126
3771 4009
973 1768
608 1353
1310 2517
2042 3510
62 2711
605 905
2522 3760
692 3718
1242 3194
1647 3464
1037 2750
637 3339
770 3760
602 1843
2085 2390
400 1305
204 1051
379 3593
1803 2436
1974 2919
1087 2622
2580 3021
445 2425
1602 3913
1961 3794
3213 3725
14 274
3060 4059
111 1432
277 2553
926 2552
780 2313
2163 3506
1057 1666
1631 3563
2506 2938
892 1795
1679 4060
194 2795
1848 2676
1623 3868
907 3740
1415 2471
2268 2882
1594 2812
267 1564
440 2605
1335 1469
850 1823
503 1092
290 436
694 2536
1682 2323
2461 3748
715 1604
251 1275
193 1504
3170 3691
1537 2610
386 3059
3491 3929
4 4084
333 4052
947 3507
3378 3669
18 2671
1189 2274
1707 3534
184 884
1878 3073
1053 3205
3336 3692
186 3743
480 2470
937 1414
754 1057
1607 1691
1206 2524
1627 2063
1817 3485
820 2314
369 838
748 2892
2576 3752
357 3682
1422 1763
201 3485
179 1248
18 1239
2311 3544
2751 3299
177 580
706 1633
1532 2199
1285 2223
2048 2774
904 3546
242 3583
705 1594
812 2328
1717 1834
1772 2748
3763 4077
3736 4065
1045 2760
1803 2665
133 2016
413 834
1080 3002
1162 4086
1156 3873
2327 2868
2329 3097
2051 2368
342 2532
3125 3605
3698 4038
2169 2587
660 2699
393 1777
44 3161
66 741
1683 4045
1790 4030
1214 1972
1706 1920
530 1130
1536 2318
440 522
589 1808
2094 2723
1959 2468
1631 3876
2471 3994
2617 2818
888 1546
3795 3951
2133 3363
314 2358
694 2175
2337 3060
2270 3975
2279 2949
1215 1664
2894 3779
1544 3701
1456 1505
1982 3599
3026 3373
132 2624
1745 1899
218 3137
580 3357
2845 2850
467 2445
1505 3302
56 3593
1219 1397
518 1066
2423 3294
764 3891
1656 3609
185 1986
882 3133
77 3470
546 837
510 3240
1278 2729
2386 3804
70 933
242 1412
191 976
512 852
365 2906
1175 2455
577 3722
2309 2335
1373 1443
2624 3091
690 3717
143 2846
546 1523
3266 3822
1782 3608
2202 2818
2587 2798
1073 1082
741 1334
1480 2480
907 2558
1862 3799
309 3648
2620 3542
2407 2524
86 3233
292 1262
716 3957
1905 3418
1866 3182
2487 2789
82 1749
2052 2714
1535 3896
2078 2807
2180 2230
1643 3149
1180 1685
87 2952
1672 1844
7 2972
2161 3643
2121 3451
318 2617
466 3708
280 1600
1016 2588
1486 3240
1173 3365
170 1749
1195 2947
1443 2368
2137 3087
771 1583
702 2023
2615 3302
1007 2335
392 549
330 859
213 1362
1268 2049
618 2673
1238 2867
228 676
2690 3289
1305 2018
2920 3855
1564 2418
1497 1891
1633 2692
2580 3948
1109 3316
556 1047
1760 2450
3637 3737
423 4009
513 2585
3522 3562
1873 2409
29 3569
725 2086
2049 2447
480 3324
148 2609
208 2815
2998 3493
2753 3299
1439 1836
1299 3396
522 1045
2178 2700
1016 1994
2857 3649
2170 4062
187 1382
2225 3262
1471 2050
1664 2368
3358 3455
1338 3267
2493 3106
1868 1983
675 3654
1835 4085
23 348
688 1810
2270 3004
695 1588
680 3600
871 2457
2158 2556
2221 3120
1700 3640
771 3497
3775 3964
325 1492
903 1643
1549 1602
2097 3311
1018 1977
650 1091
825 2948
162 3193
1699 2320
2358 3731
1407 4074
3859 3985
2243 3139
547 1967
1685 2169
546 3947
519 2148
2144 4053
186 3593
314 3551
41 1091
1623 2932
976 3888
425 2289
749 1199
1047 2212
1921 2403
561 2277
2473 2866
235 1220
2141 3107
2828 2986
369 2611
168 314
114 2528
1167 1304
1463 3872
1514 3189
626 2456
2357 2713
309 343
666 2986
1661 3339
1171 4001
2806 2876
2330 3317
3143 3941
1740 2200
745 3832
2664 3567
551 2857
1609 3465
84 3998
3768 4054
2476 3480
818 2617
1944 2898
1628 1698
824 3151
507 680
240 383
2368 4005
1697 2380
2257 3169
2509 3295
1146 3795
3067 3927
1951 3423
1735 2118
548 2512
2182 2974
1323 3907
781 1664
1442 3457
199 2810
1998 2740
2497 3604
3177 3357
1366 2471
3851 3879
3370 3714
1784 2470
1385 1581
1713 2506
1859 3228
511 3970
1647 2400
629 2396
1622 2337
686 705
946 2043
885 2541
75 1081
2229 2461
3050 3454
2621 3470
1608 3379
439 2440
3280 4091
2731 3430
736 2608
1613 3810
1790 3756
164 3160
1978 2803
1002 2024
3382 3982
877 2389
2721 3217
1389 2239
1126 1136
2477 2624
3451 3485
638 747
332 3965
884 2085
3061 3664
1200 1818
364 3856
2302 3451
1804 4065
263 3673
8 3433
2394 2521
831 1500
3271 3648
1825 2471
2380 3773
1663 3883
1506 2476
506 1474
2116 2152
67 311
749 1405
65 1152
838 901
1591 2232
74 1967
526 1053
3406 3561
1639 3753
2362 2662
3451 3562
614 3431
1107 3989
82 2650
17 604
584 2273
153 3665
1894 2184
1999 2179
361 3161
1506 2123
385 1949
1473 3380
1123 1742
388 1088
1840 1855
1980 2165
524 1243
1227 3923
2473 4015
887 2812
1443 2102
1008 2173
1642 3234
320 3086
1379 3439
525 652
2079 2942
1832 2758
4017 4044
46 3945
656 3056
655 1742
3004 3706
1075 3234
51 2888
3087 3278
588 2447
407 1856
1670 3953
224 226
3486 3826
286 3569
1606 1923
1701 3192
985 3427
128 3285
191 2892
2966 3973
1636 2901
1374 3978
634 696
61 1150
1389 3406
1631 3324
2650 3511
52 3920
1494 2762
969 1771
1982 1995
753 2493
81 573
2396 2660
270 2275
185 2087
1196 2900
2374 2412
297 1703
1409 1499
3856 3979
3507 3786
1722 3434
872 1998
1165 1207
1218 1323
2893 2969
911 1490
1977 2504
1322 3690
814 2884
1685 2321
3535 4045
2738 3628
44 1394
242 1280
403 1142
2938 2963
765 3908
3937 4035
314 1099
3232 4049
2637 2706
461 1151
3673 3931
708 2820
1000 2289
1883 3875
3788 3896
2623 3224
3354 4024
1293 3236
76 1162
1093 1586
3816 4055
3442 3705
718 2158
1314 1873
227 1224
184 1026
2316 3950
386 1377
3352 3708
1371 3712
776 2008
308 2020
1564 3741
3977 4040
791 878
76 3855
616 754
1594 2594
1626 3455
109 478
68 2706
450 2735
2640 3055
1506 1583
540 1725
3185 3849
1329 3905
1547 3041
710 775
1715 3359
401 1968
91 1683
270 3413
1079 3560
358 3901
1443 1545
1561 1931
2203 3491
1248 3256
369 2176
96 2539
2423 3411
1196 2416
1907 3867
367 2278
762 1253
276 2508
1885 2973
343 3698
1330 2334
3005 4092
1734 2030
3769 4064
1362 2919
2272 3147
1162 2442
408 2202
1183 3687
2004 3141
1225 2291
2018 3750
1084 2474
770 1250
3112 3295
12 975
2001 3831
1683 2791
74 3825
827 3171
2424 4055
187 3351
761 3731
963 4004
778 2528
236 309
2907 3688
1244 3227
2540 2971
3663 3813
1173 2908
1024 1120
186 1229
885 1573
1697 2303
430 1185
500 734
3015 3733
2733 2991
1416 2490
940 2387
128 1176
456 2983
40 764
339 3835
1381 2823
1650 2465
1998 3530
1922 2625
243 3082
1558 2978
2336 3320
1630 3296
1520 3483
892 2670
3215 4020
3544 3776
211 2333
857 2265
1601 1731
2317 4053
1392 1658
63 747
722 3059
448 3089
3590 3626
553 1868
2596 2764
1461 1749
585 4039
1922 2783
194 3685
1390 3246
251 3099
878 2501
192 3827
2286 3846
632 3470
538 585
874 958
193 3062
2891 3241
2461 4032
167 699
1924 2598
1493 3223
37 2165
1509 1908
1618 2634
533 1103
134 636
340 907
1293 3421
2717 3960
2718 3979
301 491
1541 3034
3137 3745
862 1994
107 127
2997 3287
53 3046
2581 2896
21 3922
1090 2596
587 3902
1151 1473
109 2175
686 2308
566 1521
170 2420
2470 2660
2372 2869
2084 3101
246 1645
3691 3965
1125 3104
624 1940
2101 2228
1008 1037
3275 3625
1966 4033
506 2906
501 2772
2961 3064
1526 3523
2549 2747
1052 3309
273 1450
448 2812
1425 1861
1767 1914
3547 3844
1166 2610
1833 3175
571 3692
1569 4060
914 1998
2379 3441
1266 2882
1722 1895
801 3839
349 1785
2105 2764
413 2993
203 3147
509 1599
2189 3745
86 2807
418 3438
1382 2997
1184 3349
2760 3286
23 1939
1982 2405
2182 3570
835 4015
2459 2821
1273 2768
452 3867
939 2211
2408 2974
43 159
29 2553
851 1619
1300 1305
1296 1427
764 1984
1104 1659
1016 2168
1221 3676
32 1981
1837 1913
495 3240
2464 3435
1603 3507
1598 2400
573 3583
3145 3780
741 2843
3141 3176
377 2889
2747 3974
99 3442
2205 2260
2992 3917
450 1501
2416 3965
512 620
1956 3849
1944 2560
1108 4013
204 1200
992 4079
981 3878
2212 3876
1480 3075
2064 3772
800 3623
1251 3413
1047 1775
1040 1938
1851 3420
348 2635
306 3395
1718 2061
1435 3749
663 2607
1017 2898
3332 3655
3500 3956
2809 3273
384 3155
1981 3153
2353 3332
700 3726
898 2445
693 3039
248 1711
2547 3539
196 2637
207 2154
1117 2096
1728 3022
1994 3618
946 1937
1125 2857
1445 1594
1224 2513
1639 2526
1827 2484
585 3117
2447 2616
313 1498
551 2944
1328 1631
262 3107
441 2781
1814 2211
21 3391
457 740
1178 1656
1283 3005
2500 3252
1042 2697
1617 2309
632 2358
227 3933
2791 3615
255 2478
1286 3138
3052 3619
409 3824
1518 2868
1165 1880
1633 2337
397 3876
1542 3368
2482 3136
1017 2916
1450 2960
2837 3711
1557 3704
200 1571
299 1021
2429 2751
1960 2393
1751 3842
3284 3311
1236 1577
1349 3624
198 2397
2131 3231
2367 2825
967 2876
2402 2824
767 2646
1531 3392
636 1651
1119 3151
1413 1968
1008 1277
5 1498
949 3792
513 3681
92 3215
584 2177
466 3094
612 3983
154 2768
1102 2017
984 1019
2228 2362
62 1267
496 1490
102 1578
2585 3763
3504 3533
2946 3197
1270 3847
1128 2219
1415 1704
224 3841
668 1046
1027 1821
425 2170
1581 3634
257 1925
1944 2867
2314 3068
1102 4048
3319 4053
1881 3011
1952 3951
705 1196
13 1886
2128 3342
2260 2616
341 2350
2475 2821
1215 3393
469 866
623 2505
627 2106
1567 1979
1634 2017
1825 4051
230 2643
2324 2494
195 3350
113 573
965 1170
2359 3405
780 908
2985 3780
1917 2309
564 3909
119 3427
2738 3085
348 3563
1844 3176
394 2180
351 1396
436 1307
437 2617
168 3156
476 3344
1369 3013
1859 3833
1545 2230
2962 3090
2716 2886
1385 2706
3738 3751
149 3057
1303 3507
624 1265
122 2424
702 3462
920 966
191 2846
2310 3495
1655 2272
603 3125
422 1698
90 2497
348 1471
2853 2914
1929 2368
3179 3853
618 1340
1264 1719
484 1177
3566 4000
526 2478
578 1812
2380 2916
1087 2107
183 3782
1223 1806
2053 3137
643 3729
1728 2005
2265 4085
2862 3461
1541 2858
2249 3264
3476 3874
250 1573
193 845
1443 3691
3331 3369
195 3848
257 1180
1803 2581
1640 2234
451 1728
1462 1553
1167 3282
327 3952
2493 4063
126 1424
2764 3276
253 1130
638 1245
2351 3788
1369 2216
955 3428
3340 3808
2966 3766
1792 2045
603 3650
1834 3698
154 363
1787 2593
2468 2915
2170 3574
810 2178
360 2978
475 1552
1784 3103
5 778
970 1364
1449 2294
3294 3718
752 985
1947 2445
2569 3447
843 3786
1696 3961
802 3026
209 3777
1359 1615
1177 2158
1501 2784
411 3133
22 3618
1957 2127
2455 3680
1688 3701
452 2602
1496 1922
26 3774
2196 2762
1618 2259
2793 3514
687 3336
1066 2641
29 1548
2040 3953
2935 3522
1772 3161
1929 3584
2188 2883
1414 2667
1076 2749
1433 2741
1355 2288
767 3967
52 830
105 2810
695 1579
1452 2799
833 1245
311 1552
588 665
110 326
28 3257
339 1764
2399 3714
965 2167
2063 2864
2059 2895
2966 3527
414 2488
3465 3731
333 3177
2992 4078
197 1722
3 65
1182 3487
1213 2317
1289 3203
3041 3924
248 3314
1605 3768
566 2254
605 3962
984 1378
3290 3445
3362 3413
2527 4000
433 2813
1561 3148
923 3305
1837 2774
295 2683
388 1429
1196 3236
2512 3585
1093 2364
701 3618
2325 3132
2596 2768
782 1235
3145 3176
2462 2939
652 1996
2159 3139
1480 3825
3530 3767
3491 3673
1381 2948
356 3803
7 334
1808 2279
1864 3325
2297 3776
1547 2466
3066 3906
414 973
1841 3072
696 2526
1724 3174
519 1191
120 753
1817 3870
1505 3495
160 2249
1094 1524
1098 3139
2786 4055
3163 3293
1453 4004
1903 3230
1823 3498
2510 3648
690 2989
1488 3058
2385 2561
2172 4046
1892 3431
19 2275
890 3608
542 2123
933 2840
3648 3695
1501 2246
187 2375
366 3731
696 3294
884 1680
511 3158
725 1392
588 2146
911 3672
831 1210
1297 3930
1402 3128
1883 3004
526 2625
1117 3919
3111 3132
1422 3436
1488 2664
1856 3385
1741 3428
427 3544
1154 2517
2032 2727
1707 3424
26 1626
2786 3277
2656 2678
1976 3858
1928 2901
1810 2257
615 1340
40 954
550 1166
131 583
1241 2199
2056 3773
1713 2266
337 2816
678 3954
2048 3212
2629 3345
2473 2536
2426 2682
468 2180
26 2474
2951 3720
2206 3361
2556 3017
1786 2444
2634 2667
1207 3465
2391 4066
343 4056
3723 4076
144 3730
590 2256
2557 3423
2071 2317
36 2391
2279 3186
1802 2298
258 2739
2146 3226
1949 2707
500 705
1198 3973
2238 3373
197 3806
1862 2807
1546 3418
854 1166
2589 2691
1211 3893
3038 3978
1831 3936
2408 3587
814 3496
1419 3070
1493 3977
2375 2970
2890 3911
1046 4030
311 874
580 2972
1382 3677
2812 3785
2 3491
367 3819
2408 2785
3746 3996
1667 2745
956 2747
2721 3336
1695 3632
1422 2097
248 3941
895 1963
1251 2764
104 1817
1468 3610
2512 3172
1054 2738
1560 3215
3113 3724
3439 3563
118 4080
758 1837
3498 4068
1740 2102
2624 3630
2591 3881
1219 3621
1055 1709
3530 3717
1380 2614
604 3799
1590 2200
3164 3599
595 2167
2337 3513
2592 3704
2170 4011
1960 3663
695 787
337 354
2735 3332
157 1821
1348 1729
132 2933
126 2784
1788 3580
378 1418
246 3178
2185 3753
242 1399
2671 3429
558 3634
84 2889
2327 3879
1074 2055
234 3215
1167 2351
1669 3110
535 1090
2210 4080
3041 3243
1330 3460
488 1861
1666 2784
2849 3492
73 2943
1875 3773
3087 3806
1164 3902
2154 2772
215 2638
476 576
1779 2996
662 3607
1407 3372
1428 3766
2048 3146
983 2780
86 2787
1342 3417
2043 3405
988 1107
1134 1559
1946 3814
1778 3306
2480 2542
3255 3350
480 2484
1992 2605
793 3389
394 531
2043 3162
390 3230
1727 3498
2125 3665
114 1129
2074 2424
2821 3845
674 737
1189 3351
1185 3449
1037 1233
597 3607
524 1695
1514 3727
2264 3067
1396 3153
3531 3594
837 3714
2099 2132
2621 2662
340 1265
946 3704
2079 2436
3682 3914
995 1376
961 2635
1284 1290
1470 3549
2007 3480
508 2973
1420 2082
3062 3362
1910 2876
417 1614
1457 1716
1335 3582
1509 1544
600 1964
210 2449
1952 2642
422 1966
1048 1368
132 3420
2329 3054
1687 3620
64 205
548 3337
896 3319
3306 3868
937 3031
502 651
1867 2136
211 3472
1798 3878
988 3848
2189 3146
2397 3633
1638 2119
3043 4073
1037 3023
71 4094
1765 3567
755 3203
1750 3142
44 3471
4 722
462 2195
744 1109
2661 3251
1684 1760
1099 1716
2776 3597
1540 1869
443 1564
352 3818
2201 2530
233 2966
1172 2377
3401 3756
57 2334
621 2234
53 3395
375 657
44 209
50 2116
412 3475
3040 3169
1243 2360
631 1215
120 3111
1625 3394
1015 4054
2528 3752
816 2794
1318 1388
797 2820
362 1268
174 3745
1284 3428
3518 4075
0 330
752 3437
2999 3248
644 1010
1172 2654
710 1070
2455 3339
1126 1313
1879 2977
1870 3705
944 3589
670 2815
724 2000
2199 2999
2189 2649
541 588
1160 2342
1857 3426
1338 1608
1537 2190
1845 3177
37 2825
1927 2712
111 2306
1667 1950
1605 2806
585 3330
1939 3114
1041 3102
614 1375
751 2089
637 1994
234 3525
1843 3398
655 2807
2102 3207
1742 3629
2350 3965
30 325
631 1144
3386 3496
815 3852
431 1663
3234 3338
3142 3834
571 3711
1096 4067
134 1215
639 3315
2709 3455
1694 2530
2279 3995
1285 3500
872 1373
1753 2871
1107 2137
381 1491
2310 2701
638 1785
974 2687
858 1816
1879 4013
1472 2156
850 2088
3356 3411
1147 2466
31 1371
1034 2171
2898 3233
1853 1907
201 3627
960 1974
1961 3589
3330 3671
1141 3481
1190 1876
704 2092
2109 3556
1409 3155
748 767
1013 1051
716 2475
403 926
2915 3543
1162 2732
724 3090
848 1730
1753 2494
1263 2160
1150 2518
259 649
253 3792
74 4025
1614 2126
1436 2758
478 774
1001 1506
566 1812
2555 2773
1062 3621
3504 3685
915 2751
1676 3652
2955 3547
68 1015
97 1410
1377 3869
1332 3427
2423 2973
1152 3297
228 700
2365 3452
1632 2313
506 873
553 740
1306 1617
2651 3706
860 3830
3989 4018
1344 3508
1366 2911
2095 4038
3300 3384
2091 2182
760 3336
1147 1217
662 3085
3251 3971
191 1287
645 1346
217 2002
1779 3982
2435 3470
1870 2471
523 2447
1200 2483
1902 2656
318 3237
882 2157
2552 3042
1416 2824
313 3931
3237 4034
392 985
997 3200
3546 3735
1522 3520
1442 3323
225 496
725 1832
2467 3484
395 1322
661 1723
1608 2724
375 853
326 3038
996 1178
1858 3132
1980 3192
1984 2671
3409 4055
2543 3493
1425 2119
2481 3304
1180 3833
1637 2129
2011 3372
2702 3477
2361 3059
49 542
1540 1580
1495 2394
1778 2850
740 1371
93 3704
1255 2412
1194 2184
1785 2503
487 3021
35 3215
1995 2421
2789 2933
1668 2634
709 2383
2915 3819
352 534
2806 3000
597 1484
1651 2694
21 1382
1691 2257
1951 3905
352 2158
164 1647
2664 3009
825 3749
10 36
3263 3657
2335 3361
473 765
12 3324
741 970
3787 3804
3083 3908
510 3525
2992 3194
277 3564
1529 2495
1820 1976
1470 3000
476 1813
873 3401
848 3948
731 2796
608 3988
1152 2434
313 2926
361 2388
2478 3784
1629 1855
1756 2887
2928 2943
2287 3193
651 3541
1355 2248
540 3307
1597 3134
2449 4008
24 206
2003 2357
620 898
1356 2381
6 3432
369 983
249 3054
299 1371
2083 3641
1634 2405
198 353
199 3215
535 2980
2817 3264
1580 3271
897 1433
3025 3103
756 1496
2376 2467
2260 3478
2548 3686
1117 1193
432 3829
1862 3670
668 3500
2496 3890
2162 3164
2955 3096
931 4068
1107 2380
2014 3629
664 985
3460 3713
2617 3012
2223 4071
150 3021
261 966
2145 3772
917 1257
1399 2100
1333 3975
4075 4095
1895 2955
131 3451
319 1817
844 1609
698 3912
2164 3376
1177 1183
2491 3307
1574 3711
1259 1451
1373 3629
528 3724
442 674
2833 3059
1603 2711
1683 3486
681 3422
3162 3307
1481 3784
124 2126
1412 3475
695 2278
1721 3563
480 2983
3256 3768
2176 3026
56 425
322 1521
839 3469
776 3351
724 3059
863 4006
368 4000
2962 4082
886 3961
267 2044
2945 3523
17 320
3282 3822
126 2713
2331 3151
947 3895
2787 3320
2931 3920
857 3459
1700 2294
946 3118
2501 2987
2235 3454
3681 4030
2328 2955
450 2698
579 3410
1117 1256
2987 3176
2761 2978
1000 3029
152 2952
1148 1758
2495 3332
24 2595
787 1279
95 3189
2226 3980
948 1235
643 1219
1048 2197
1094 2871
194 3809
2014 2649
3388 3858
1172 2032
2887 3368
2373 3686
841 2051
765 4036
894 2649
352 455
245 625
622 2208
1655 3477
1596 2889
1039 4021
1677 3308
2378 3970
2652 3328
347 1169
191 3079
575 991
112 2639
2194 3243
2388 3608
1070 3350
799 3417
789 2861
1823 3144
1158 3050
310 1975
2524 3597
1479 2951
163 1323
1798 3831
1348 3412
220 1626
418 4007
730 3169
412 1562
3244 3839
2983 3976
3866 3959
2657 4018
128 1516
860 2889
3719 3828
346 1119
883 2155
1174 3975
426 2811
2354 2821
2484 3057
993 3925
602 2743
303 2410
1536 1637
1686 2523
697 701
924 2310
2571 3533
418 751
2705 3329
1373 3069
106 2444
64 713
890 1827
941 1793
455 468
696 3434
1785 3069
1394 3747
1641 3785
555 2051
692 1090
910 2329
1124 2853
522 3967
970 2796
2545 2782
219 1427
1244 1516
606 3465
705 2848
370 1586
1813 2226
2145 2767
1570 2309
2532 2965
2521 3125
15 3507
2934 3324
160 1191
1004 2872
1159 1793
161 1994
535 2719
1142 2149
2354 3360
380 3128
347 2915
156 3322
493 2159
969 3565
2064 2824
700 3936
1202 2108
1042 1950
3048 3429
2923 3952
162 4031
449 1892
782 3292
781 1799
1549 2796
2101 2753
1265 2200
2674 2788
477 1333
2455 2828
409 3138
1319 2467
2657 2876
440 1334
1764 1829
904 3155
3131 3219
3169 3449
2072 2993
631 2162
1762 3133
509 991
739 1908
57 3298
62 2405
1362 3540
1014 1724
272 3274
830 3805
105 1516
125 3217
2156 2500
2313 2404
1139 1217
498 3630
1488 3007
1516 3377
1711 4076
2149 3065
2636 3953
468 3164
1011 3644
557 3045
2690 3455
3340 4088
140 1600
2932 3957
1980 3350
121 700
918 3916
2384 4038
885 2460
1195 1378
1265 3872
596 2909
2194 4017
1998 3774
2495 3142
3 3838
119 2255
70 3329
2800 3437
3547 3824
2507 3049
732 3862
2158 3272
570 2808
236 1767
1932 2041
665 1713
1739 3438
222 2458
484 2826
1529 2827
45 223
747 1491
2605 3432
992 2908
477 3200
2128 3106
1052 1154
2414 2691
1425 3869
1654 2433
958 1782
374 1766
1195 3725
332 957
1456 3022
2036 3945
2465 2849
217 3274
1104 2527
1625 2093
874 2674
2520 3831
3237 3680
504 2336
1214 2748
3559 3825
922 1497
1026 1246
96 2556
445 1265
1035 2444
0 3799
2705 3643
1877 2044
825 1302
1074 3341
691 2183
1493 4074
239 1465
332 3315
2363 3174
2151 3261
2406 3037
252 2716
348 4045
1476 3986
2435 3574
218 1583
1129 2461
2605 3613
3764 3804
15 61
3192 4090
1214 1582
379 3106
858 2363
113 582
127 4094
2103 3887
299 3719
332 2695
129 1533
1232 2885
2885 3788
59 88
278 3608
355 3458
322 2649
1026 3743
1605 1662
1980 2916
716 1326
2378 3164
1244 3023
371 2307
400 1707
1307 1540
1475 3613
1239 2110
557 4044
386 2665
994 3246
3072 4072
108 2685
578 3776
928 3561
2592 3491
142 1355
302 1494
2543 2950
306 3215
126 3069
1442 3633
1137 3711
903 1843
647 935
638 1250
220 1033
3224 3632
2512 3194
1909 3867
2616 3603
2366 2799
216 3877
1291 2250
998 3497
167 181
1573 2203
813 1243
2001 2037
1632 3459
3058 3959
257 2429
1432 1534
1563 1900
2865 2944
2104 3128
2484 3597
27 3045
1692 2937
1641 2328
1434 2297
1644 2563
2586 2795
686 3515
2558 2630
12 2593
244 369
701 2006
327 943
578 1798
151 2860
1115 2398
1693 1741
3327 3385
2145 3760
647 2057
591 793
50 2398
1696 3440
1327 3019
1075 3333
1738 2736
663 2913
3080 3915
1786 2221
2956 3470
1207 1752
1881 3894
1844 3053
2309 2560
432 2493
900 2418
2227 2506
1009 3736
1515 1858
523 2271
67 363
922 1365
400 735
26 3238
1093 2102
715 2853
1041 2599
1403 4004
1352 3903
301 858
1455 2224
1400 1621
191 890
2724 3035
137 707
956 2610
1435 1506
2151 4005
1465 2886
1450 3670
1944 2522
1912 2341
1455 2961
1592 3317
1507 3809
2584 2628
3557 3600
1459 1624
1549 3929
3428 3722
2742 2777
367 1099
319 2341
1443 1650
60 1552
654 1976
2700 3690
641 3578
371 1537
313 1626
2380 4046
87 420
567 2911
131 3955
1081 3637
278 1681
2438 2563
46 1098
2763 3725
103 1401
165 2615
185 2927
3150 3749
833 2572
135 381
485 862
1487 3756
2833 3955
1510 3487
722 2019
539 3496
192 867
1822 1937
137 401
444 1624
452 1856
2420 3706
1904 3031
3719 3800
1809 2726
353 2013
697 2072
3542 3898
1115 3339
803 2476
864 3495
1392 2803
1467 3038
301 3690
574 3511
1010 1881
834 3627
1527 3124
1106 1666
1305 3858
245 347
1272 3892
1042 3716
2440 3242
1836 1861
3076 3388
742 3131
1942 3531
1824 2269
3380 3721
1524 2270
64 1847
935 3148
611 1454
3 2391
376 2047
1873 3314
2015 2818
1583 3091
96 1812
2148 2327
1640 1762
1094 3759
656 2211
1609 2393
2448 2781
811 2886
2444 3775
150 535
2642 3775
2249 3441
198 539
2859 3597
549 2819
1822 3725
288 2805
1150 3763
446 923
2303 3695
2314 3394
16 1255
1912 4044
1399 3363
3072 3226
706 2442
2312 2455
2507 4067
1269 3171
2775 3774
526 3966
250 1231
1026 3310
1618 1898
264 3111
1033 2973
1385 3952
1581 3210
153 830
2018 2335
880 3942
1212 3399
638 3014
1047 3491
1254 3653
2138 2694
1753 1841
1153 3310
989 1058
236 1464
1315 2312
1992 3952
2787 3678
893 2935
1270 3082
2844 4083
1955 2901
1904 2005
1009 1554
1753 2789
430 2824
1413 2951
256 659
351 2497
815 2111
1941 4068
13 2980
138 2660
1667 3805
316 3520
831 4059
259 3720
330 2499
1999 2665
1627 3805
484 2555
275 4085
1309 2449
1675 3347
2820 3925
1038 1242
1391 2515
252 2783
591 1884
1280 3392
2316 3968
232 1670
2861 3587
746 3872
2348 3058
2105 3010
2610 3299
2478 3595
1262 3168
908 1874
662 1527
1190 2226
2004 3873
3113 3942
2038 3041
2114 2346
1810 2313
846 3946
94 1080
856 2613
504 978
487 1735
846 3017
89 3442
1501 2555
997 1050
862 3475
753 905
1218 2520
503 3319
2759 2763
3564 3995
3761 3811
233 1683
10 2269
2216 3627
2747 3883
197 3861
1046 2043
2224 3326
274 2121
2189 3958
3477 3987
2444 3892
631 1963
1325 2332
1912 3418
1772 2711
2865 3283
105 1149
2039 3869
117 3902
1638 3797
1201 2689
101 1471
2821 3750
670 919
1440 2115
150 3612
1174 1678
1166 3058
398 1702
533 3478
2178 2778
1353 2923
1209 1696
2685 3148
932 1361
1492 2299
782 1325
923 1341
3609 4006
227 3896
1158 2941
1019 2544
2422 3957
2509 3202
968 2239
507 3135
3009 3062
1997 3120
255 3393
989 3081
2784 3341
312 2915
486 2322
84 1933
1296 3401
1500 4053
21 2101
836 3151
2254 3209
761 1420
2371 3048
2601 2798
772 2563
293 3723
2885 3239
840 2780
1217 2820
771 2487
1148 4093
1749 3528
2227 2702
3330 4012
370 920
702 4065
650 2949
1929 2379
4046 4060
2562 3992
3131 3758
897 3273
22 1569
1652 2862
2516 3917
2658 3315
1717 2930
370 3697
570 830
975 1423
3134 3234
328 3444
345 3335
458 3475
1445 2578
2360 3596
260 1985
1384 2504
476 2272
534 1166
1671 2620
1093 2843
1364 1573
3122 3210
2922 3874
397 770
887 3134
2069 3637
3478 4071
292 1656
1112 1877
209 490
2483 2626
1436 3473
312 3972
792 3751
2490 2591
2318 2894
581 2852
2741 4065
310 1357
1965 3568
3442 3941
1985 2142
3928 4079
1387 2862
2041 3762
753 1547
1223 3342
76 3798
3407 3849
1774 3056
73 1601
346 1515
2719 2818
2473 3635
3995 3999
277 3488
1984 2304
1107 2015
602 1521
1946 3526
2006 2858
1834 2177
1103 2061
3041 3122
151 807
2082 3935
817 2833
3098 4059
1315 1942
166 1214
866 2793
410 2772
374 3078
1150 1470
2162 3554
407 3379
535 3612
1437 2311
379 2078
178 2561
2112 3889
902 2390
465 2737
2633 3711
2409 3252
1229 3523
1241 1983
1688 2215
82 1117
722 1572
732 3754
3663 3676
7 3572
1120 1634
1079 3130
967 3659
684 1626
397 3895
2078 3268
948 1509
625 3912
45 1426
1227 1801
2970 3311
254 314
989 1499
170 3578
609 3916
383 604
1382 2024
2944 3729
87 1418
1132 2219
79 3366
1607 3912
957 2777
93 438
2440 2516
1450 4032
1064 3232
232 2333
1171 1926
783 2918
291 3491
2573 3360
1658 1897
2294 4033
154 882
2472 3527
484 3527
345 3768
2392 3847
861 1998
1104 1689
2967 3342
1719 2774
74 845
3798 3910
2638 2959
1631 2873
809 3799
1680 3540
749 1666
781 2803
241 1127
643 742
1560 2619
1086 1667
1924 3787
433 2369
785 1036
714 4036
167 572
157 3372
693 1243
663 1644
1099 2679
470 2869
919 1742
2040 3429
645 3169
3084 3392
2219 3600
2199 2549
2963 3967
538 2102
2613 2864
1043 3328
899 3622
1086 2681
332 2251
287 525
1151 3202
544 2295
377 784
2552 2809
2520 3646
3068 3175
351 2171
2165 4033
3642 4089
506 2551
804 1590
221 2400
2283 3208
1780 1798
1575 3916
1993 3368
1322 1399
75 1232
3138 3919
45 2837
1308 1781
1309 4091
1569 2166
1134 3150
873 3591
2727 3855
2017 3507
2467 2936
488 1090
2575 3433
2962 3414
971 2942
2846 3751
1183 1774
3315 3844
1678 3283
878 3898
1050 3323
2212 3828
1403 3810
2708 3183
2344 3301
947 1018
476 1652
1311 2723
21 3582
638 2065
1733 3114
1177 2070
994 3249
1415 2930
1294 1633
2872 3888
756 2269
2539 3639
1722 3652
1716 2257
487 3404
892 1347
986 3506
2525 3335
2183 3602
2168 2323
74 1861
1861 2845
1052 2657
732 985
708 2246
572 1793
412 2191
1714 3014
1068 1292
3187 3844
1040 2623
1579 2570
993 2331
2003 2049
951 2460
3688 3824
1645 2655
1559 1928
185 2917
3758 4083
1733 3170
1278 2674
439 887
2227 3758
793 1947
1725 2583
2453 3766
2438 3662
1207 2667
2849 2961
1275 2900
138 2163
3168 3957
316 1533
1158 4003
1291 1731
431 3880
321 801
1441 3271
996 1065
50 1657
509 762
421 3704
209 2669
2368 3787
615 3942
726 3048
494 3734
339 3709
104 2530
3545 3732
430 3513
2406 3795
178 1857
2481 2725
2736 3604
2653 3980
3655 4039
1383 3149
1675 3729
1319 1959
2504 2753
306 1905
1361 4060
1793 2661
21 1904
2920 3997
3088 3740
2495 3754
435 1661
2484 3779
1262 3216
725 2014
516 3972
649 1376
160 2180
818 1989
3079 4008
2777 3343
215 3358
1544 3549
623 3134
204 3251
767 2439
117 2769
99 302
1687 2899
197 3140
882 2190
3217 3670
190 2950
1631 3046
426 1602
378 1649
1706 2454
547 2056
417 1076
1793 3408
584 3838
2007 2139
741 2416
1202 3888
1645 3603
1737 3579
2691 2965
1523 1578
2465 2771
1474 2938
1825 1922
604 2061
2048 4027
1232 2230
2592 3488
42 1578
1578 1603
1422 2424
292 1804
2005 3016
521 3028
619 2468
2006 2022
1561 3748
1345 1765
3583 3945
1910 2410
939 2519
1363 2813
871 3543
2209 2666
1384 4070
312 3313
375 3923
1823 2610
1211 2198
2452 3897
261 3623
78 2999
1400 3563
2162 3840
296 1902
582 1034
900 3933
21 1081
2051 3770
1478 3413
357 894
689 3500
1550 2313
3269 3307
2088 2680
1596 2725
2570 3834
62 1191
1273 1978
371 3736
2052 3519
321 1426
529 3383
336 823
1570 3773
274 1838
2215 3231
1044 4042
2962 4053
1034 2797
2670 4020
837 2923
95 3089
157 204
256 2905
1549 2974
1046 1702
2978 3664
1562 1736
11 3173
372 472
27 145
1483 4068
598 2952
590 883
1150 3753
2454 3432
523 3300
1765 2378
893 2886
2512 3287
2353 3751
854 859
812 2197
167 302
1536 4070
441 3924
1724 2002
3110 4016
1124 2714
95 2361
1865 3982
1419 2286
736 1238
2836 3423
3873 3918
451 2619
427 2328
640 3720
1315 3433
340 3079
559 2870
91 3492
249 404
899 1151
1574 2750
1270 2879
177 2169
1132 1739
268 2479
1185 3211
1056 3015
1504 3497
32 1195
167 516
2880 3005
2048 2096
2937 3578
555 2552
3208 3454
1997 3034
737 1276
187 3165
58 1673
187 1467
3073 3442
1693 4026
3004 3135
2973 3564
159 3419
3382 3624
3137 3691
1998 2342
1550 2485
2322 2357
1231 4035
1 541
2652 3676
1653 3150
2161 3390
2560 3444
2493 3299
1217 3773
1499 2322
1342 3623
1168 3824
566 875
676 1700
754 3279
2372 2818
2361 3927
782 3416
3199 3425
2666 3954
1725 1773
3172 3279
1493 1882
649 1480
224 3226
2268 2963
726 3135
1889 3386
394 3552
505 1095
2078 2970
1293 2998
1664 2766
1660 3302
57 4051
14 237
591 1841
1105 2648
1157 3749
3650 4083
2630 3397
2811 3119
369 772
67 3769
3501 3695
274 2003
1672 2999
113 822
3571 3878
2319 4080
3280 3485
2140 3271
1403 3253
651 2364
2363 3639
712 2064
1341 1719
1998 3302
2957 3249
367 3161
765 3179
1854 2104
717 2513
743 913
308 1778
574 3736
2798 3278
1805 3897
433 3543
95 3708
64 939
982 1835
150 3575
1652 2810
2735 4028
464 624
1295 2608
511 3945
1027 3116
1964 3244
695 2895
2084 2199
1180 2369
773 1647
2244 3406
1481 3421
1038 2592
726 1691
1681 2200
1125 4058
1466 1814
821 3737
219 3834
1517 1937
1191 2071
954 3559
1153 2521
26 2241
2186 2308
1334 2792
1413 2963
711 2270
2045 4002
2221 3157
2492 3454
1348 1732
154 2758
1223 1818
715 3107
2194 2676
423 2350
865 3017
2237 2614
457 2923
1246 2147
1071 2248
1734 2822
474 2780
1647 2933
9 208
585 1342
992 3860
685 2901
475 2626
859 1865
1643 2724
2004 3859
3307 3583
977 2589
635 964
2236 3073
1350 4054
3615 4060
2763 2942
1661 4006
869 1145
3751 4028
542 1774
768 1173
1564 1877
904 987
962 1483
292 1817
3681 3863
130 832
138 3586
1906 2236
1021 2920
1887 3306
77 676
3371 3995
2354 2963
189 3746
901 1670
2599 3029
2764 3683
3556 3868
151 3706
652 3673
681 938
361 2881
347 1404
434 1516
992 3320
3168 3698
1306 3145
108 3880
1844 2128
3887 4056
1162 2431
1956 3076
1880 2625
2981 3761
336 2632
2744 3145
1956 3933
1953 2932
2309 2777
297 3631
616 1082
3519 3887
2842 3068
874 2900
1462 2599
411 1341
1094 2099
1216 3690
1388 2850
1011 3463
1937 4059
26 3668
1395 1697
326 2169
3432 3979
3060 3078
1589 2316
1162 2423
2858 3046
3735 3921
1183 1639
222 2904
2284 3430
1054 1132
1164 3332
1153 1783
905 3168
2826 3106
421 1988
2504 2795
780 3803
864 3201
404 1621
1013 1417
919 2670
1992 2934
400 939
146 3008
2669 3134
1676 3484
2209 2624
3287 3982
1413 3389
1147 2659
1429 2436
191 2160
982 2681
245 1771
921 3152
2461 2920
281 2430
1080 1571
462 2825
3233 3930
490 3681
2059 2980
24 2151
1876 3053
991 2435
1109 1151
9 1851
1437 3615
912 1960
2945 3384
692 810
383 1578
329 4073
255 1019
1408 1919
2396 3740
1457 2511
974 2738
520 1823
2540 3036
3479 3960
1058 3370
1614 2017
1026 3947
1575 1772
463 1153
3060 3175
2432 3955
284 2553
612 2268
2675 4012
565 1542
10 1889
1089 2258
123 700
1123 1149
304 1352
2632 3265
2856 3317
1820 4026
2912 3391
1296 2696
1326 4019
2396 2679
889 2136
928 976
1706 2509
1644 3395
56 842
2005 2655
84 1921
564 1128
1609 2503
2073 3639
1752 1873
1118 2105
1063 2624
2597 3053
1788 2188
804 2473
2064 3844
508 1246
196 285
301 2626
1387 2939
374 542
1739 2226
673 877
2427 3624
326 2769
1774 3134
1404 1912
1634 2480
363 2539
434 1308
692 1245
711 3219
1168 3587
801 1038
742 1634
2994 3184
3929 3997
1028 1696
1117 3009
543 2742
1480 3124
2591 2596
1066 4082
3353 4056
2721 3981
132 332
1170 1322
352 2588
2760 3072
695 3868
1870 3551
2250 2999
1127 3717
2305 2524
190 3752
751 878
167 632
1065 1601
3165 3398
2127 3834
637 814
1689 2908
2868 3149
1638 2401
940 1060
463 3209
3501 3815
1162 1231
2410 3254
101 179
356 1562
3109 3850
326 3255
954 3321
266 396
699 3299
2330 3641
447 3990
326 2782
1769 3572
2702 3121
1808 2864
2968 3966
1369 3501
944 3814
127 1492
1119 1291
657 2607
67 3073
1972 4059
2059 3931
1892 2922
1064 2081
1174 3326
2717 3503
893 1668
3203 3768
417 3952
868 1264
1788 2518
2578 2862
306 3867
1701 2250
762 3377
1913 3572
1582 3317
1749 2297
3264 3525
561 2425
1834 3532
791 2175
106 1511
1790 1909
609 3289
157 3780
408 1294
323 969
339 4051
3379 3866
1059 3414
1552 2202
2418 3088
3606 3980
1027 1285
58 2917
721 3847
288 2617
605 3253
1136 3247
1291 2965
1045 2497
871 1049
598 2242
286 3104
137 1873
1690 3755
2594 2750
2155 2512
726 818
2939 3207
3445 3496
786 2678
41 1172
130 2937
842 3581
1041 2722
245 3355
55 932
1742 2601
211 3515
590 3223
1676 4007
1005 2913
1961 2324
1358 1582
228 3798
322 3621
275 874
1532 1920
2761 3100
2918 4069
1348 3113
1017 3920
695 3320
2895 3572
23 2143
1319 2820
360 1602
522 1062
707 1970
622 2874
342 3115
400 2898
2022 3027
1852 2480
2985 3147
538 3431
1609 3139
627 3411
2020 3288
2843 3154
169 2250
75 3951
809 3949
486 3489
27 570
1684 3212
1708 1897
821 2835
2714 3088
1766 2364
2198 3081
1289 1512
2309 3138
578 2632
1116 2662
913 2007
1206 2162
6 3460
3116 3719
690 3841
1579 2520
287 1970
1823 2160
2895 4059
1984 2498
619 4031
869 2592
3610 3675
2145 3248
1822 1980
1321 1719
1131 2719
1464 1979
183 3753
2078 2496
2518 2668
3731 3953
2555 3830
635 2409
3471 3949
1615 1994
30 2165
3379 3797
47 4032
953 1522
250 868
1543 2610
1790 3709
135 731
3578 3751
1578 2237
692 1139
844 1103
349 2428
3136 3946
799 1773
716 3838
334 2255
776 2442
2674 3707
3353 3787
2254 3312
277 3525
1415 1810
251 2749
424 877
1367 2786
3859 3922
2919 2936
550 3867
2075 2630
2615 2651
2095 3288
1403 3239
630 2078
758 1547
566 684
1335 3820
563 3795
1105 1670
1288 1358
911 3821
1477 3946
699 1070
341 705
1863 2102
487 2949
856 2990
2033 3715
1189 1651
2019 2811
464 2161
356 1941
356 3946
2028 3704
1485 3996
1849 3918
3253 3729
729 3909
175 1262
2315 2550
1520 3350
1701 4069
417 2419
848 2102
2833 3468
644 3547
3014 3836
560 1346
1454 3317
980 1831
2433 3985
171 3449
2 2530
2118 2785
8 2637
30 3437
949 1730
962 3809
260 2238
553 3482
810 3585
1563 3325
1097 3785
2966 3031
487 812
484 3406
1760 2962
1808 2401
261 2727
84 1521
1218 1319
249 825
1324 2865
2911 4047
85 3955
452 1635
2275 2556
3706 3756
725 3372
234 3087
1510 3926
9 2492
659 2040
450 1267
1290 2480
1354 1995
2915 3533
893 1013
1115 2901
510 896
2281 3949
127 2398
3425 3588
1578 3070
1307 2143
814 3409
399 2620
1306 2633
797 814
750 1305
1967 2382
2139 3230
3326 3839
1169 3944
2644 3585
3493 3576
3387 3666
124 781
2576 3442
469 609
3131 3367
1341 2470
1541 3222
2554 3196
2264 3301
2598 3304
3580 3726
175 1974
2436 2664
1105 4071
842 3617
2011 3898
1874 3866
54 1610
365 1972
3612 4011
1059 3584
3790 4014
1317 3123
1951 3652
2198 2891
985 3355
2079 3909
452 825
1964 2857
1184 3803
640 1075
1737 1927
1870 4004
694 2818
600 3797
1741 3366
982 2694
1196 4086
797 3167
64 331
1902 2097
1233 3949
49 2561
977 2641
2351 3867
958 3187
1281 3267
1249 3269
2982 3082
607 3803
706 3170
55 2805
1553 2975
1745 3277
510 3809
2896 3019
1336 3368
1739 3553
1163 1992
1608 3914
2253 2298
3243 4059
260 811
1775 3581
108 878
2654 3256
31 1195
2882 3114
1434 3521
99 2393
1644 2681
212 353
3049 3847
1517 1930
921 3211
67 1410
393 1813
612 2686
2154 2669
105 238
1266 3717
3229 3555
831 2172
1628 2670
3043 4018
1898 2191
1629 2465
1181 3033
3037 3223
817 3709
1985 2210
487 624
1137 1609
155 803
1422 1990
2370 2410
153 3587
468 2142
1301 1650
267 3850
1134 2661
1720 2091
1829 2872
2812 2877
1956 3053
400 2245
644 1097
2459 2963
1148 2985
698 3174
602 2863
708 1702
2785 3848
1051 2122
438 3164
1616 3270
900 940
67 2910
1592 2742
898 3093
2708 4064
1720 2467
24 3564
3516 3655
11 800
1347 2518
1341 1353
2006 3455
2607 2818
1465 3382
586 2181
1930 3796
1286 2283
1351 1624
437 2262
60 2263
1483 3203
289 3885
2595 3498
1842 2098
1951 2771
257 3678
877 3517
1889 3042
2677 3839
2792 3887
1581 2752
3025 3143
1982 2012
894 3105
1608 1637
1049 2306
1481 3053
139 1696
265 2498
2268 3745
1319 2762
1337 2859
1463 3936
2110 2617
1790 2498
1221 2022
117 3078
930 3227
1280 2013
3213 3912
1079 2652
1939 2341
2996 3016
3179 3288
546 1927
420 1964
449 1180
2831 3475
911 953
1369 3075
2804 3613
2153 3112
787 1848
2929 3794
1521 3765
3233 3387
1807 3348
2060 3584
3526 3717
1343 2250
126 2720
2413 3792
1544 3485
2002 3286
1569 3156
853 3699
2219 2386
227 279
349 2186
904 3534
385 1067
343 3473
1493 1536
1281 1751
1079 4038
1991 3819
1844 2224
1717 3699
480 1793
117 2728
3209 4078
2845 2952
572 2525
1684 3497
734 2479
1054 3825
1770 1788
1013 2496
547 2579
4041 4051
0 2071
2013 3340
89 641
490 2795
658 1025
372 3457
252 1416
2092 3010
1527 3449
774 3431
49 2934
905 2511
3600 3938
2305 2718
1928 3715
2111 3944
475 3237
3642 3846
830 2065
1733 3315
1468 3389
777 2871
250 1690
2697 2889
426 1576
550 888
785 838
2011 2092
1131 3669
883 1638
2039 2168
466 3058
222 2559
794 2685
707 3686
638 1134
1709 2627
2967 3116
332 713
988 4077
2597 4046
1921 3481
1271 3960
2245 2563
1305 3249
2744 3459
726 3619
3203 3257
1680 1929
885 2310
274 2505
856 1887
2395 3502
543 2430
2035 3247
721 3306
173 740
934 3943
1601 1886
54 2574
1799 3526
912 1278
319 2278
2122 4053
850 3786
1036 2429
3230 3641
2547 2701
700 4047
2438 3923
3181 4040
79 384
757 1472
1414 1766
1810 3640
568 3782
2430 3900
300 1600
2859 2895
772 836
844 1557
2672 3954
2026 2904
3345 3980
3031 3819
488 2009
2171 3793
1410 1961
686 1445
758 3586
3578 3639
314 528
762 3476
1397 2108
1489 1973
593 3335
2470 3351
1871 2660
628 1378
2076 3552
3140 4074
1102 1420
3709 4041
699 3510
2850 2906
286 2809
747 1944
1675 2732
1660 3556
2225 2923
961 1190
2260 2690
1204 1695
1256 4082
1275 3914
1364 2275
1801 2456
269 684
2887 3092
739 3818
1095 3727
1334 2103
2858 4047
1756 3304
1564 2485
1605 3847
610 3741
849 3195
3422 3454
3678 3709
1165 2744
786 3672
1403 1818
2361 2405
3036 3399
2311 3126
2494 3355
528 3130
1022 2247
813 1061
199 2301
1975 2198
995 1655
3642 3748
1863 2713
983 2601
120 1896
995 2724
914 2884
1616 2621
1519 3478
1997 2199
2678 3741
1958 3369
3319 3722
2690 3848
2379 3650
1278 4053
2367 2939
2132 2259
1172 1748
467 2478
2233 4035
3694 3818
201 3529
102 967
2617 4026
2407 4030
2216 3850
1147 3130
47 681
2858 3331
790 2386
1857 2731
888 2190
2815 3931
1290 3315
1229 1278
2639 3190
934 2036
2323 3688
2200 2974
2985 4091
155 923
629 1132
2122 3976
109 2262
3423 3974
355 529
129 3342
206 2817
2268 3380
988 2430
2310 2839
1169 1306
1681 1743
3079 3602
1042 1360
2845 2970
280 1179
2344 3137
3849 3968
2848 3093
993 1519
153 1499
666 2580
446 681
1191 3981
2356 3643
1931 2915
787 1615
289 3012
1946 3894
1915 3067
2155 3318
1071 3733
317 4050
1752 2937
412 3154
1113 2275
2562 3435
882 2555
1152 3847
1636 3349
694 1002
1042 4062
848 3493
731 2208
644 3534
2785 3639
607 3907
599 3548
2312 3122
2739 3816
1919 3217
2255 2374
1724 2696
1399 3199
427 1208
3468 3639
819 3013
181 2386
622 3819
2367 3790
637 1812
118 362
2226 2679
351 1677
911 3169
212 1429
2847 2937
798 1034
2700 2772
237 2106
431 2354
2176 3093
2569 3423
35 3638
1156 1544
690 1327
1825 4065
1626 3140
133 1897
855 880
2209 3162
2689 3048
1289 1998
775 928
1909 3083
783 1868
1371 3353
130 1604
84 2051
481 1467
2037 2240
526 4016
675 2744
24 3357
2976 3802
735 793
322 690
678 3641
2546 2808
1470 1766
532 3447
101 534
2425 2626
1701 2411
1031 1543
1575 1595
311 1980
2034 2659
1403 3096
2884 3233
1506 2576
2844 3367
383 571
1975 3429
1198 1567
2923 3010
2756 3764
1373 2691
2754 3565
2791 3542
1936 3049
2981 3967
3059 3461
3548 3808
898 3055
2363 3407
502 2082
1176 3318
1005 1930
166 1318
885 2075
3439 3967
779 3925
504 2590
2742 3770
401 2998
1984 2917
2865 3230
3336 3663
523 3541
986 2520
2140 3368
298 3369
3436 3470
2569 3988
1288 3574
1433 1902
1928 2531
2674 3905
931 3903
1911 2911
279 539
212 923
1157 2224
1676 2680
916 2349
3152 3649
120 2168
1034 1386
2000 3808
743 2385
129 1828
2664 2949
2244 2920
2309 2512
2308 3768
885 4057
2424 3047
3170 3803
1878 2129
621 2278
56 1153
3083 4075
3010 3044
2553 3658
2853 2897
2572 3473
2567 3971
2057 3684
3282 3307
2506 2618
6 1283
2319 2960
137 2581
1371 3690
847 3984
273 2058
32 3870
906 2087
1993 2219
1423 1459
870 1893
1994 2707
282 1857
1162 2490
2536 4019
328 1503
2406 3681
2163 3353
1011 3790
1015 3155
585 680
566 3687
2730 4012
1326 1972
3187 3582
945 2888
827 3772
230 1483
1103 4068
3461 3906
3455 3756
942 3848
1196 1355
1564 2020
335 4012
308 719
24 470
2975 3057
353 3918
1206 2253
698 2152
304 1149
658 1843
2235 2625
1046 3026
803 3063
1673 2935
2695 2826
200 1891
1444 4017
3178 3435
551 580
130 1693
2025 3881
1726 2688
2341 3120
1033 2139
473 963
2132 2767
2636 3935
448 1364
1906 2435
1079 2225
1540 3949
550 2784
3147 3648
608 3907
1664 3263
3718 3786
1576 3966
3295 3347
585 1432
641 1833
4049 4084
366 539
2975 3027
224 2000
3036 4061
679 3906
2976 3086
837 1223
1951 3398
2917 4046
1223 2991
640 3091
1327 1677
1616 4090
1231 1634
695 4095
378 3297
2756 3715
2934 3864
2403 2633
119 455
2299 2977
2856 3097
93 3268
2615 2858
1395 1993
1341 2068
1324 3636
3015 3020
488 1961
1278 3453
8 1957
952 956
541 1194
430 1655
858 4073
732 2426
2040 3954
2187 3228
1106 2765
357 1657
1944 2205
220 1761
460 3977
317 3597
1400 3508
294 1618
1513 2953
1418 3765
2990 3194
2075 2716
2576 2594
940 3962
1800 3005
413 3232
1203 1416
834 2294
1440 2179
923 2999
3202 3370
1909 2736
2579 2721
453 732
243 2272
856 3961
1236 1628
2685 4082
2018 2245
2131 3916
1376 3233
184 998
2978 3057
1333 1565
788 3592
2022 3780
300 2603
386 2483
217 2757
920 2958
1538 2037
123 208
713 1936
884 3800
3541 3848
2513 2824
3398 3776
2910 3419
2166 2687
1410 1696
2438 3007
2048 2210
1426 3211
2355 3185
137 4048
1693 3486
1665 3759
465 859
867 2031
1847 3634
1911 2924
536 1605
1216 1981
2871 3019
446 594
634 1255
2036 2655
790 3483
726 2388
838 1416
2425 2803
1009 3399
2570 3157
996 2086
3075 3820
3898 3927
1857 2000
2208 3626
1127 3846
419 3105
740 2746
593 3480
2616 3941
2073 3654
2386 3799
1191 3979
1390 1880
1162 3283
1141 3814
341 1039
299 1448
140 2463
1166 2062
1231 3208
3400 3593
390 553
1316 2249
374 1190
208 289
1183 2832
574 3218
143 1356
4050 4075
2235 2418
1675 2284
742 1586
794 2147
276 3016
1681 2043
2284 3394
395 1546
995 3653
570 3981
633 3788
1919 2782
2379 4074
1499 2088
296 2240
973 2242
110 1648
1417 3770
603 1930
3032 3950
2229 2286
351 3088
2159 3601
1341 1959
3030 3817
1156 1900
774 3724
2900 3800
658 3772
782 1833
476 2623
915 926
208 1666
1455 3106
2280 2893
3027 3683
1361 1834
3 1369
662 3854
2685 3141
653 2533
727 2848
396 702
458 3124
1257 2484
1918 2256
3460 3725
1102 2355
31 609
806 2033
987 3794
3209 3998
384 2309
1948 4059
598 1527
986 1008
1149 2571
3942 4067
1426 3811
513 2551
1273 1396
1167 2149
2574 3420
1437 3588
1476 1747
1022 2067
484 2174
2901 3345
525 2657
2566 2770
1041 2655
1563 2675
1903 3933
636 1201
117 229
235 3352
2424 4060
2530 3820
1874 3934
1941 3818
643 694
978 2972
3485 3634
274 2909
569 3490
2178 3201
2693 2857
2232 3171
1415 1538
2071 2833
762 1483
2488 2591
1362 2455
991 3041
789 1439
258 3969
539 2267
635 667
157 351
1399 3717
5 1143
592 1288
442 3334
3379 3544
2562 2867
1858 2696
2799 2888
49 547
760 2856
203 3043
122 3264
144 3509
1043 2314
179 3578
1525 1764
2742 2806
667 1749
1072 3439
1952 3959
2721 3762
1319 1375
921 3883
1470 1546
230 1836
1272 1346
2607 2893
1067 3514
2749 3248
70 794
485 3110
1659 2818
148 1201
1174 3489
2552 2745
1828 3970
1690 3871
3197 3777
195 2022
322 1196
2018 2708
1327 2309
1170 2422
873 3018
1320 2822
3444 3969
2493 2588
1195 3867
80 1040
1539 4032
372 2308
2818 3027
2020 3459
2381 4048
1770 1863
575 1516
972 1887
590 1226
985 4065
3640 3956
654 1932
959 3588
239 953
2133 2606
2192 3978
2024 3988
2238 4075
2500 2511
1436 2525
1317 1705
2006 2225
566 1942
2082 2677
2594 3070
1418 3700
1788 3175
1808 2436
1286 1986
858 1784
421 1611
2440 3457
2257 2917
121 3605
649 2507
3065 3597
1668 2968
573 2266
2295 3429
586 2886
642 2254
2046 2147
1401 2399
97 3706
2100 3342
1499 3842
2636 2671
1371 1610
891 3932
1784 3713
2639 2831
543 1540
1573 3777
744 3817
1670 3228
3734 4083
783 1622
278 2235
144 1392
3108 4045
1623 3213
930 965
3115 3353
135 1108
1500 2294
2218 3092
989 2411
1231 2593
588 1762
762 3236
951 1879
240 1701
2287 2636
240 1653
1675 3472
235 1980
658 699
549 1146
1726 2471
1115 1648
1759 2515
3276 4079
669 2520
3200 3611
1266 1979
119 2490
1568 3834
1388 2953
11 2740
2924 3875
1341 3607
2667 3517
1074 3803
770 3255
1177 2260
2351 3330
44 3880
754 3460
2020 2656
94 1566
289 1308
321 1147
1595 3976
66 1195
797 2718
295 3013
3892 3893
1069 3330
566 3580
129 333
809 3314
811 3915
1299 3400
455 3370
728 3714
2429 2648
1130 2271
2372 2671
617 1067
138 3115
1297 3141
917 4083
15 921
291 2562
306 1713
3071 3937
945 4055
1156 3554
2145 2887
629 1108
894 1812
1810 1836
3195 3812
2217 2791
1837 3489
2743 3842
2723 2857
1249 1470
1358 3249
74 2772
2026 2893
1344 3966
401 930
103 2007
458 1649
1802 2784
345 373
1220 3486
2278 3539
1976 3834
2605 3195
2298 3700
2042 2975
1767 3296
1366 1990
1759 3974
3812 3910
1620 2030
2285 3819
1382 3302
571 778
1890 4019
1923 2650
419 3989
2623 2684
1595 3842
864 953
768 3275
2393 2403
617 1541
1507 3299
1605 3662
1318 3701
1882 3822
2082 3231
71 2722
1050 3820
1177 2077
205 1876
1117 4008
414 2515
411 3190
449 3842
839 1447
104 158
233 3284
3786 3813
1127 4025
101 2458
1455 1463
577 3608
2101 2566
343 1551
1254 1659
1318 3399
1636 3262
281 378
2881 3843
3365 3852
1892 3094
2596 3365
1171 3987
2389 3308
807 1134
2944 3537
2073 2796
919 1202
1636 3915
1560 1672
235 833
977 996
183 1437
102 1555
1106 2960
1480 3067
928 2291
918 1049
2413 3653
1963 3503
792 1249
185 2565
7 2710
625 3911
456 3766
622 1369
976 2145
2666 3484
1237 2323
536 3184
3566 3643
2088 2809
885 3936
2119 2699
3380 3709
122 3050
640 3805
2893 2950
2122 2426
374 1147
25 2969
1345 1466
20 3172
260 1912
1137 1178
2813 3314
209 1599
675 1905
370 3331
784 1538
563 2501
767 4043
1687 3777
1463 1495
1937 3631
1318 1639
332 1423
1843 3999
2791 3389
572 3305
193 2174
88 2089
1169 1402
2627 3302
37 1689
1567 3887
140 2157
588 2518
393 2244
1040 3097
174 2430
2577 3700
200 795
489 3043
1646 2146
1220 2007
466 2270
1119 3914
1190 3824
3730 4022
1924 2284
928 3292
723 3789
1251 1456
1030 3077
1142 4080
1746 2664
647 3933
2178 2552
1547 4021
1075 2083
629 1909
779 1756
1911 3484
1173 1709
697 2851
150 3815
1136 2318
2505 3778
2573 2708
1434 3717
2071 2844
1713 2003
255 1591
601 1613
3072 3599
577 1763
1342 1888
959 2538
2637 2975
114 2263
1568 2151
660 993
1736 3938
492 3890
315 3768
1432 2643
1085 3756
1496 3482
0 1340
3010 3086
3662 3690
2078 3542
2865 3154
62 1481
1503 3419
207 425
2990 3543
2375 2928
455 1423
59 1115
2715 3569
2495 3376
3174 3911
592 3918
959 3981
1520 3421
1438 3937
2655 3838
168 1148
2246 2972
1965 2789
581 2138
1158 1164
1085 1141
394 3138
1071 1353
1098 4034
2048 4072
734 2315
1570 2055
522 1068
1484 4009
1513 3062
691 3079
1735 4053
1632 2888
1493 3065
1595 2823
2973 3410
102 2267
1073 1959
3344 3370
2033 2675
1390 1828
966 2980
336 2427
1448 1961
981 1141
1646 3529
944 2672
3097 4048
563 663
419 1424
3115 3754
3863 3968
618 662
7 2274
2341 2650
1033 2967
2837 3086
2100 2997
1596 3899
1341 1809
912 1086
436 1737
489 3878
2026 2170
3079 3221
817 1439
643 3657
387 1257
2989 3169
1613 4007
1611 3082
875 1488
1745 3758
375 1655
1416 4061
1977 2543
1235 3655
627 1513
2310 2600
210 2554
2745 3100
1053 1278
1469 1709
404 2619
262 3718
1752 1940
245 1785
99 2944
176 1312
562 3279
2901 3146
13 1573
1739 2100
2177 2421
220 3119
1223 1753
920 3063
407 3272
872 3857
2228 3245
131 892
1807 2877
1716 2239
777 2593
323 3457
686 1370
3493 3572
2759 3176
558 3162
2145 2407
188 225
2544 3919
1922 2605
1494 2855
847 2725
493 945
944 3733
2405 3914
327 2680
1307 3728
3480 3960
1516 2623
668 2727
2306 2658
613 2083
644 3990
2290 2319
727 2668
1570 3425
2677 3875
1182 1208
658 3365
1835 3063
1467 2265
634 3764
1505 1587
1652 2845
3390 3582
2403 3574
1504 3700
856 3605
2060 3315
631 3298
965 4074
2637 2924
1391 2826
1133 2385
1763 1808
1941 3637
3891 4061
2307 3147
2183 2873
113 2056
2864 3591
2066 2870
1464 3320
629 1184
62 1207
2244 3402
20 1630
61 2905
599 798
533 2621
46 2739
239 3682
483 1085
1914 3244
693 2721
486 2803
1015 3918
707 1035
1730 2052
2843 3153
1505 2580
1394 2717
1885 2612
659 3350
1504 3925
1047 2736
276 3937
843 3811
3628 3943
1909 2415
134 1982
2409 3616
2100 2658
799 1008
2060 2152
2461 2590
504 3087
750 1164
195 2658
2327 3150
3170 4041
2187 3223
1826 3273
1319 3796
3631 4071
715 807
1777 2978
1471 1642
473 3233
3139 3706
2091 2762
446 882
1056 3360
250 3909
1112 2225
1022 3217
2560 2638
1347 3023
1793 2455
1254 1623
899 3929
1247 3631
2222 2785
2961 3067
689 2628
384 2442
2608 3488
937 2214
375 954
1277 3576
1093 2974
2723 3036
801 4095
1387 3170
928 2754
2740 2772
1461 2656
2790 3969
1200 1874
737 3597
559 2352
2217 3343
607 3294
886 1345
1763 2996
1539 1988
2003 3947
3236 3702
1358 3051
2419 3785
2731 3147
1299 1912
641 3903
1334 1534
2351 3593
1969 3414
674 1620
2470 3496
593 3007
1883 2547
446 1350
100 3527
162 1833
3066 3953
1071 1232
1061 2319
491 1187
1295 3964
753 4044
2355 3360
1838 2245
2222 3221
2112 2239
1748 2664
960 2608
2688 3100
702 2869
1353 2914
2394 3218
465 3595
1609 3273
663 1754
341 1819
1294 3492
333 3694
957 3687
1640 2353
493 3949
1114 2921
1290 1707
856 3721
2339 3290
1542 3319
1002 3899
314 845
2910 3652
691 1293
1676 1741
615 3286
1414 2913
869 1835
723 994
2145 3385
378 3307
92 2112
826 3937
1589 2432
2415 3193
2843 3284
746 3211
579 3904
1734 3417
1985 3354
2088 3419
437 3843
1588 3726
2389 2519
3917 4084
1414 1838
1221 1688
2016 2801
901 1217
3324 3812
967 3636
1906 2520
2541 3228
1679 3374
2136 3166
701 3542
323 750
2200 2599
589 1307
1577 3913
663 900
658 2871
678 2536
2847 3894
942 2344
657 3114
464 2232
3482 3764
268 3235
1101 2711
202 2565
1099 2944
534 1792
2076 2394
956 1941
1471 3454
3271 3619
1002 1277
435 3600
365 1332
1883 2064
119 989
74 2688
946 3397
1065 2795
3924 4075
563 3096
117 3489
420 806
1851 2308
2695 2897
29 323
847 3859
2585 2702
889 924
1246 3027
203 1808
1920 2709
885 1684
1460 2106
1038 1557
1233 3838
1714 2510
48 3747
923 2796
1749 1969
1333 3959
426 2290
818 3555
2691 4029
260 2733
1043 1680
1396 2856
553 1710
1211 1779
2481 3156
838 3014
2911 3592
